0	2803.77266	0	0
0.01	2803.77266	0	0
0.02	2803.77266	0	0
0.03	2803.77266	0	0
0.04	2803.77266	0	0
0.05	2803.77266	0	0
0.06	2803.77266	0	0
0.07	2803.77266	0	0
0.08	2803.77266	0	0
0.09	2803.77266	0	0
0.1	2803.77266	0	0
0.11	2803.77266	0	0
0.12	2803.77266	0	0
0.13	2803.77266	0	0
0.14	2803.77266	0	0
0.15	2803.77266	0	0
0.16	2803.77266	0	0
0.17	2803.77266	0	0
0.18	2803.77266	0	0
0.19	2803.77266	0	0
0.2	2803.77266	0	0
0.21	2803.77266	0	0
0.22	2803.77266	0	0
0.23	2803.77266	0	0
0.24	2803.77266	0	0
0.25	2803.77266	0	0
0.26	2803.77266	0	0
0.27	2803.77266	0	0
0.28	2803.77266	0	0
0.29	2803.77266	0	0
0.3	2803.77266	0	0
0.31	2803.77266	0	0
0.32	2803.77266	0	0
0.33	2803.77266	0	0
0.34	2803.77266	0	0
0.35	2803.77266	0	0
0.36	2803.77266	0	0
0.37	2803.77266	0	0
0.38	2803.77266	0	0
0.39	2803.77266	0	0
0.4	2803.77266	0	0
0.41	2803.77266	0	0
0.42	2803.77266	0	0
0.43	2803.77266	0	0
0.44	2803.77266	0	0
0.45	2803.77266	0	0
0.46	2803.77266	0	0
0.47	2803.77266	0	0
0.48	2803.77266	0	0
0.49	2803.77266	0	0
0.5	2803.77266	0	0
0.51	2803.77266	0	0
0.52	2803.77266	0	0
0.53	2803.77266	0	0
0.54	2803.77266	0	0
0.55	2803.77266	0	0
0.56	2803.77266	0	0
0.57	2803.77266	0	0
0.58	2803.77266	0	0
0.59	2803.77266	0	0
0.6	2803.77266	0	0
0.61	2803.77266	0	0
0.62	2803.77266	0	0
0.63	2803.77266	0	0
0.64	2803.77266	0	0
0.65	2803.77266	0	0
0.66	2803.77266	0	0
0.67	2803.77266	0	0
0.68	2803.77266	0	0
0.69	2803.77266	0	0
0.7	2803.77266	0	0
0.71	2803.77266	0	0
0.72	2803.77266	0	0
0.73	2803.77266	0	0
0.74	2803.77266	0	0
0.75	2803.77266	0	0
0.76	2803.77266	0	0
0.77	2803.77266	0	0
0.78	2803.77266	0	0
0.79	2803.77266	0	0
0.8	2803.77266	0	0
0.81	2803.77266	0	0
0.82	2803.77266	0	0
0.83	2803.77266	0	0
0.84	2803.77266	0	0
0.85	2803.77266	0	0
0.86	2803.77266	0	0
0.87	2803.77266	0	0
0.88	2803.77266	0	0
0.89	2803.77266	0	0
0.9	2803.77266	0	0
0.91	2803.77266	0	0
0.92	2803.77266	0	0
0.93	2803.77266	0	0
0.94	2803.77266	0	0
0.95	2803.77266	0	0
0.96	2803.77266	0	0
0.97	2803.77266	0	0
0.98	2803.77266	0	0
0.99	2803.77266	0	0
1	2803.77266	0	0
1.01	2803.77266	0	0
1.02	2803.77266	0	0
1.03	2803.77266	0	0
1.04	2803.77266	0	0
1.05	2803.77266	0	0
1.06	2803.77266	0	0
1.07	2803.77266	0	0
1.08	2803.77266	0	0
1.09	2803.77266	0	0
1.1	2803.77266	0	0
1.11	2803.77266	0	0
1.12	2803.77266	0	0
1.13	2803.77266	0	0
1.14	2803.77266	0	0
1.15	2803.77266	0	0
1.16	2803.77266	0	0
1.17	2803.77266	0	0
1.18	2803.77266	0	0
1.19	2803.77266	0	0
1.2	2803.77266	0	0
1.21	2803.77266	0	0
1.22	2803.77266	0	0
1.23	2803.77266	0	0
1.24	2803.77266	0	0
1.25	2803.77266	0	0
1.26	2803.77266	0	0
1.27	2803.77266	0	0
1.28	2803.77266	0	0
1.29	2803.77266	0	0
1.3	2803.77266	0	0
1.31	2803.77266	0	0
1.32	2803.77266	0	0
1.33	2803.77266	0	0
1.34	2803.77266	0	0
1.35	2803.77266	0	0
1.36	2803.77266	0	0
1.37	2803.77266	0	0
1.38	2803.77266	0	0
1.39	2803.77266	0	0
1.4	2803.77266	0	0
1.41	2803.77266	0	0
1.42	2803.77266	0	0
1.43	2803.77266	0	0
1.44	2803.77266	0	0
1.45	2803.77266	0	0
1.46	2803.77266	0	0
1.47	2803.77266	0	0
1.48	2803.77266	0	0
1.49	2803.77266	0	0
1.5	2803.77266	0	0
1.51	2803.77266	0	0
1.52	2803.77266	0	0
1.53	2803.77266	0	0
1.54	2803.77266	0	0
1.55	2803.77266	0	0
1.56	2803.77266	0	0
1.57	2803.77266	0	0
1.58	2803.77266	0	0
1.59	2803.77266	0	0
1.6	2803.77266	0	0
1.61	2803.77266	0	0
1.62	2803.77266	0	0
1.63	2803.77266	0	0
1.64	2803.77266	0	0
1.65	2803.77266	0	0
1.66	2803.77266	0	0
1.67	2803.77266	0	0
1.68	2803.77266	0	0
1.69	2803.77266	0	0
1.7	2803.77266	0	0
1.71	2803.77266	0	0
1.72	2803.77266	0	0
1.73	2803.77266	0	0
1.74	2803.77266	0	0
1.75	2803.77266	0	0
1.76	2803.77266	0	0
1.77	2803.77266	0	0
1.78	2803.77266	0	0
1.79	2803.77266	0	0
1.8	2803.77266	0	0
1.81	2803.77266	0	0
1.82	2803.77266	0	0
1.83	2803.77266	0	0
1.84	2803.77266	0	0
1.85	2803.77266	0	0
1.86	2803.77266	0	0
1.87	2803.77266	0	0
1.88	2803.77266	0	0
1.89	2803.77266	0	0
1.9	2803.77266	0	0
1.91	2803.77266	0	0
1.92	2803.77266	0	0
1.93	2803.77266	0	0
1.94	2803.77266	0	0
1.95	2803.77266	0	0
1.96	2803.77266	0	0
1.97	2803.77266	0	0
1.98	2803.77266	0	0
1.99	2803.77266	0	0
2	2803.77266	0	0
2.01	2803.77266	0	0
2.02	2803.77266	0	0
2.03	2803.77266	0	0
2.04	2803.77266	0	0
2.05	2803.77266	0	0
2.06	2803.77266	0	0
2.07	2803.77266	0	0
2.08	2803.77266	0	0
2.09	2803.77266	0	0
2.1	2803.77266	0	0
2.11	2803.77266	0	0
2.12	2803.77266	0	0
2.13	2803.77266	0	0
2.14	2803.77266	0	0
2.15	2803.77266	0	0
2.16	2803.77266	0	0
2.17	2803.77266	0	0
2.18	2803.77266	0	0
2.19	2803.77266	0	0
2.2	2803.77266	0	0
2.21	2803.77266	0	0
2.22	2803.77266	0	0
2.23	2803.77266	0	0
2.24	2803.77266	0	0
2.25	2803.77266	0	0
2.26	2803.77266	0	0
2.27	2803.77266	0	0
2.28	2803.77266	0	0
2.29	2803.77266	0	0
2.3	2803.77266	0	0
2.31	2803.77266	0	0
2.32	2803.77266	0	0
2.33	2803.77266	0	0
2.34	2803.77266	0	0
2.35	2803.77266	0	0
2.36	2803.77266	0	0
2.37	2803.77266	0	0
2.38	2803.77266	0	0
2.39	2803.77266	0	0
2.4	2803.77266	0	0
2.41	2803.77266	0	0
2.42	2803.77266	0	0
2.43	2803.77266	0	0
2.44	2803.77266	0	0
2.45	2803.77266	0	0
2.46	2803.77266	0	0
2.47	2803.77266	0	0
2.48	2803.77266	0	0
2.49	2803.77266	0	0
2.5	2803.77266	0	0
2.51	2803.77266	0	0
2.52	2803.77266	0	0
2.53	2803.77266	0	0
2.54	2803.77266	0	0
2.55	2803.77266	0	0
2.56	2803.77266	0	0
2.57	2803.77266	0	0
2.58	2803.77266	0	0
2.59	2803.77266	0	0
2.6	2803.77266	0	0
2.61	2803.77266	0	0
2.62	2803.77266	0	0
2.63	2803.77266	0	0
2.64	2803.77266	0	0
2.65	2803.77266	0	0
2.66	2803.77266	0	0
2.67	2803.77266	0	0
2.68	2803.77266	0	0
2.69	2803.77266	0	0
2.7	2803.77266	0	0
2.71	2803.77266	0	0
2.72	2803.77266	0	0
2.73	2803.77266	0	0
2.74	2803.77266	0	0
2.75	2803.77266	0	0
2.76	2803.77266	0	0
2.77	2803.77266	0	0
2.78	2803.77266	0	0
2.79	2803.77266	0	0
2.8	2803.77266	0	0
2.81	2803.77266	0	0
2.82	2803.77266	0	0
2.83	2803.77266	0	0
2.84	2803.77266	0	0
2.85	2803.77266	0	0
2.86	2803.77266	0	0
2.87	2803.77266	0	0
2.88	2803.77266	0	0
2.89	2803.77266	0	0
2.9	2803.77266	0	0
2.91	2803.77266	0	0
2.92	2803.77266	0	0
2.93	2803.77266	0	0
2.94	2803.77266	0	0
2.95	2803.77266	0	0
2.96	2803.77266	0	0
2.97	2803.77266	0	0
2.98	2803.77266	0	0
2.99	2803.77266	0	0
3	2803.77266	0	0
3.01	2803.77266	0	0
3.02	2803.77266	0	0
3.03	2803.77266	0	0
3.04	2803.77266	0	0
3.05	2803.77266	0	0
3.06	2803.77266	0	0
3.07	2803.77266	0	0
3.08	2803.77266	0	0
3.09	2803.77266	0	0
3.1	2803.77266	0	0
3.11	2803.77266	0	0
3.12	2803.77266	0	0
3.13	2803.77266	0	0
3.14	2803.77266	0	0
3.15	2803.77266	0	0
3.16	2803.77266	0	0
3.17	2803.77266	0	0
3.18	2803.77266	0	0
3.19	2803.77266	0	0
3.2	2803.77266	0	0
3.21	2803.77266	0	0
3.22	2803.77266	0	0
3.23	2803.77266	0	0
3.24	2803.77266	0	0
3.25	2803.77266	0	0
3.26	2803.77266	0	0
3.27	2803.77266	0	0
3.28	2803.77266	0	0
3.29	2803.77266	0	0
3.3	2803.77266	0	0
3.31	2803.77266	0	0
3.32	2803.77266	0	0
3.33	2803.77266	0	0
3.34	2803.77266	0	0
3.35	2803.77266	0	0
3.36	2803.77266	0	0
3.37	2803.77266	0	0
3.38	2803.77266	0	0
3.39	2803.77266	0	0
3.4	2803.77266	0	0
3.41	2803.77266	0	0
3.42	2803.77266	0	0
3.43	2803.77266	0	0
3.44	2803.77266	0	0
3.45	2803.77266	0	0
3.46	2803.77266	0	0
3.47	2803.77266	0	0
3.48	2803.77266	0	0
3.49	2803.77266	0	0
3.5	2803.77266	0	0
3.51	2803.77266	0	0
3.52	2803.77266	0	0
3.53	2803.77266	0	0
3.54	2803.77266	0	0
3.55	2803.77266	0	0
3.56	2803.77266	0	0
3.57	2803.77266	0	0
3.58	2803.77266	0	0
3.59	2803.77266	0	0
3.6	2803.77266	0	0
3.61	2803.77266	0	0
3.62	2803.77266	0	0
3.63	2803.77266	0	0
3.64	2803.77266	0	0
3.65	2803.77266	0	0
3.66	2803.77266	0	0
3.67	2803.77266	0	0
3.68	2803.77266	0	0
3.69	2803.77266	0	0
3.7	2803.77266	0	0
3.71	2803.77266	0	0
3.72	2803.77266	0	0
3.73	2803.77266	0	0
3.74	2803.77266	0	0
3.75	2803.77266	0	0
3.76	2803.77266	0	0
3.77	2803.77266	0	0
3.78	2803.77266	0	0
3.79	2803.77266	0	0
3.8	2803.77266	0	0
3.81	2803.77266	0	0
3.82	2803.77266	0	0
3.83	2803.77266	0	0
3.84	2803.77266	0	0
3.85	2803.77266	0	0
3.86	2803.77266	0	0
3.87	2803.77266	0	0
3.88	2803.77266	0	0
3.89	2803.77266	0	0
3.9	2803.77266	0	0
3.91	2803.77266	0	0
3.92	2803.77266	0	0
3.93	2803.77266	0	0
3.94	2803.77266	0	0
3.95	2803.77266	0	0
3.96	2803.77266	0	0
3.97	2803.77266	0	0
3.98	2803.77266	0	0
3.99	2803.77266	0	0
4	2803.77266	0	0
4.01	2803.77266	0	0
4.02	2803.77266	0	0
4.03	2803.77266	0	0
4.04	2803.77266	0	0
4.05	2803.77266	0	0
4.06	2803.77266	0	0
4.07	2803.77266	0	0
4.08	2803.77266	0	0
4.09	2803.77266	0	0
4.1	2803.77266	0	0
4.11	2803.77266	0	0
4.12	2803.77266	0	0
4.13	2803.77266	0	0
4.14	2803.77266	0	0
4.15	2803.77266	0	0
4.16	2803.77266	0	0
4.17	2803.77266	0	0
4.18	2803.77266	0	0
4.19	2803.77266	0	0
4.2	2803.77266	0	0
4.21	2803.77266	0	0
4.22	2803.77266	0	0
4.23	2803.77266	0	0
4.24	2803.77266	0	0
4.25	2803.77266	0	0
4.26	2803.77266	0	0
4.27	2803.77266	0	0
4.28	2803.77266	0	0
4.29	2803.77266	0	0
4.3	2803.77266	0	0
4.31	2803.77266	0	0
4.32	2803.77266	0	0
4.33	2803.77266	0	0
4.34	2803.77266	0	0
4.35	2803.77266	0	0
4.36	2803.77266	0	0
4.37	2803.77266	0	0
4.38	2803.77266	0	0
4.39	2803.77266	0	0
4.4	2803.77266	0	0
4.41	2803.77266	0	0
4.42	2803.77266	0	0
4.43	2803.77266	0	0
4.44	2803.77266	0	0
4.45	2803.77266	0	0
4.46	2803.77266	0	0
4.47	2803.77266	0	0
4.48	2803.77266	0	0
4.49	2803.77266	0	0
4.5	2803.77266	0	0
4.51	2803.77266	0	0
4.52	2803.77266	0	0
4.53	2803.77266	0	0
4.54	2803.77266	0	0
4.55	2803.77266	0	0
4.56	2803.77266	0	0
4.57	2803.77266	0	0
4.58	2803.77266	0	0
4.59	2803.77266	0	0
4.6	2803.77266	0	0
4.61	2803.77266	0	0
4.62	2803.77266	0	0
4.63	2803.77266	0	0
4.64	2803.77266	0	0
4.65	2803.77266	0	0
4.66	2803.77266	0	0
4.67	2803.77266	0	0
4.68	2803.77266	0	0
4.69	2803.77266	0	0
4.7	2803.77266	0	0
4.71	2803.77266	0	0
4.72	2803.77266	0	0
4.73	2803.77266	0	0
4.74	2803.77266	0	0
4.75	2803.77266	0	0
4.76	2803.77266	0	0
4.77	2803.77266	0	0
4.78	2803.77266	0	0
4.79	2803.77266	0	0
4.8	2803.77266	0	0
4.81	2803.77266	0	0
4.82	2803.77266	0	0
4.83	2803.77266	0	0
4.84	2803.77266	0	0
4.85	2803.77266	0	0
4.86	2803.77266	0	0
4.87	2803.77266	0	0
4.88	2803.77266	0	0
4.89	2803.77266	0	0
4.9	2803.77266	0	0
4.91	2803.77266	0	0
4.92	2803.77266	0	0
4.93	2803.77266	0	0
4.94	2803.77266	0	0
4.95	2803.77266	0	0
4.96	2803.77266	0	0
4.97	2803.77266	0	0
4.98	2803.77266	0	0
4.99	2803.77266	0	0
5	2803.77266	0	0
5.01	2803.77266	0	0
5.02	2803.77266	0	0
5.03	2803.77266	0	0
5.04	2803.77266	0	0
5.05	2803.77266	0	0
5.06	2803.77266	0	0
5.07	2803.77266	0	0
5.08	2803.77266	0	0
5.09	2803.77266	0	0
5.1	2803.77266	0	0
5.11	2803.77266	0	0
5.12	2803.77266	0	0
5.13	2803.77266	0	0
5.14	2803.77266	0	0
5.15	2803.77266	0	0
5.16	2803.77266	0	0
5.17	2803.77266	0	0
5.18	2803.77266	0	0
5.19	2803.77266	0	0
5.2	2803.77266	0	0
5.21	2803.77266	0	0
5.22	2803.77266	0	0
5.23	2803.77266	0	0
5.24	2803.77266	0	0
5.25	2803.77266	0	0
5.26	2803.77266	0	0
5.27	2803.77266	0	0
5.28	2803.77266	0	0
5.29	2803.77266	0	0
5.3	2803.77266	0	0
5.31	2803.77266	0	0
5.32	2803.77266	0	0
5.33	2803.77266	0	0
5.34	2803.77266	0	0
5.35	2803.77266	0	0
5.36	2803.77266	0	0
5.37	2803.77266	0	0
5.38	2803.77266	0	0
5.39	2803.77266	0	0
5.4	2803.77266	0	0
5.41	2803.77266	0	0
5.42	2803.77266	0	0
5.43	2803.77266	0	0
5.44	2803.77266	0	0
5.45	2803.77266	0	0
5.46	2803.77266	0	0
5.47	2803.77266	0	0
5.48	2803.77266	0	0
5.49	2803.77266	0	0
5.5	2803.77266	0	0
5.51	2803.77266	0	0
5.52	2803.77266	0	0
5.53	2803.77266	0	0
5.54	2803.77266	0	0
5.55	2803.77266	0	0
5.56	2803.77266	0	0
5.57	2803.77266	0	0
5.58	2803.77266	0	0
5.59	2803.77266	0	0
5.6	2803.77266	0	0
5.61	2803.77266	0	0
5.62	2803.77266	0	0
5.63	2803.77266	0	0
5.64	2803.77266	0	0
5.65	2803.77266	0	0
5.66	2803.77266	0	0
5.67	2803.77266	0	0
5.68	2803.77266	0	0
5.69	2803.77266	0	0
5.7	2803.77266	0	0
5.71	2803.77266	0	0
5.72	2803.77266	0	0
5.73	2803.77266	0	0
5.74	2803.77266	0	0
5.75	2803.77266	0	0
5.76	2803.77266	0	0
5.77	2803.77266	0	0
5.78	2803.77266	0	0
5.79	2803.77266	0	0
5.8	2803.77266	0	0
5.81	2803.77266	0	0
5.82	2803.77266	0	0
5.83	2803.77266	0	0
5.84	2803.77266	0	0
5.85	2803.77266	0	0
5.86	2803.77266	0	0
5.87	2803.77266	0	0
5.88	2803.77266	0	0
5.89	2803.77266	0	0
5.9	2803.77266	0	0
5.91	2803.77266	0	0
5.92	2803.77266	0	0
5.93	2803.77266	0	0
5.94	2803.77266	0	0
5.95	2803.77266	0	0
5.96	2803.77266	0	0
5.97	2803.77266	0	0
5.98	2803.77266	0	0
5.99	2803.77266	0	0
6	2803.77266	0	0
6.01	2803.77266	0	0
6.02	2803.77266	0	0
6.03	2803.77266	0	0
6.04	2803.77266	0	0
6.05	2803.77266	0	0
6.06	2803.77266	0	0
6.07	2803.77266	0	0
6.08	2803.77266	0	0
6.09	2803.77266	0	0
6.1	2803.77266	0	0
6.11	2803.77266	0	0
6.12	2803.77266	0	0
6.13	2803.77266	0	0
6.14	2803.77266	0	0
6.15	2803.77266	0	0
6.16	2803.77266	0	0
6.17	2803.77266	0	0
6.18	2803.77266	0	0
6.19	2803.77266	0	0
6.2	2803.77266	0	0
6.21	2803.77266	0	0
6.22	2803.77266	0	0
6.23	2803.77266	0	0
6.24	2803.77266	0	0
6.25	2803.77266	0	0
6.26	2803.77266	0	0
6.27	2803.77266	0	0
6.28	2803.77266	0	0
6.29	2803.77266	0	0
6.3	2803.77266	0	0
6.31	2803.77266	0	0
6.32	2803.77266	0	0
6.33	2803.77266	0	0
6.34	2803.77266	0	0
6.35	2803.77266	0	0
6.36	2803.77266	0	0
6.37	2803.77266	0	0
6.38	2803.77266	0	0
6.39	2803.77266	0	0
6.4	2803.77266	0	0
6.41	2803.77266	0	0
6.42	2803.77266	0	0
6.43	2803.77266	0	0
6.44	2803.77266	0	0
6.45	2803.77266	0	0
6.46	2803.77266	0	0
6.47	2803.77266	0	0
6.48	2803.77266	0	0
6.49	2803.77266	0	0
6.5	2803.77266	0	0
6.51	2803.77266	0	0
6.52	2803.77266	0	0
6.53	2803.77266	0	0
6.54	2803.77266	0	0
6.55	2803.77266	0	0
6.56	2803.77266	0	0
6.57	2803.77266	0	0
6.58	2803.77266	0	0
6.59	2803.77266	0	0
6.6	2803.77266	0	0
6.61	2803.77266	0	0
6.62	2803.77266	0	0
6.63	2803.77266	0	0
6.64	2803.77266	0	0
6.65	2803.77266	0	0
6.66	2803.77266	0	0
6.67	2803.77266	0	0
6.68	2803.77266	0	0
6.69	2803.77266	0	0
6.7	2803.77266	0	0
6.71	2803.77266	0	0
6.72	2803.77266	0	0
6.73	2803.77266	0	0
6.74	2803.77266	0	0
6.75	2803.77266	0	0
6.76	2803.77266	0	0
6.77	2803.77266	0	0
6.78	2803.77266	0	0
6.79	2803.77266	0	0
6.8	2803.77266	0	0
6.81	2803.77266	0	0
6.82	2803.77266	0	0
6.83	2803.77266	0	0
6.84	2803.77266	0	0
6.85	2803.77266	0	0
6.86	2803.77266	0	0
6.87	2803.77266	0	0
6.88	2803.77266	0	0
6.89	2803.77266	0	0
6.9	2803.77266	0	0
6.91	2803.77266	0	0
6.92	2803.77266	0	0
6.93	2803.77266	0	0
6.94	2803.77266	0	0
6.95	2803.77266	0	0
6.96	2803.77266	0	0
6.97	2803.77266	0	0
6.98	2803.77266	0	0
6.99	2803.77266	0	0
7	2803.77266	0	0
7.01	2803.77266	0	0
7.02	2803.77266	0	0
7.03	2803.77266	0	0
7.04	2803.77266	0	0
7.05	2803.77266	0	0
7.06	2803.77266	0	0
7.07	2803.77266	0	0
7.08	2803.77266	0	0
7.09	2803.77266	0	0
7.1	2803.77266	0	0
7.11	2803.77266	0	0
7.12	2803.77266	0	0
7.13	2803.77266	0	0
7.14	2803.77266	0	0
7.15	2803.77266	0	0
7.16	2803.77266	0	0
7.17	2803.77266	0	0
7.18	2803.77266	0	0
7.19	2803.77266	0	0
7.2	2803.77266	0	0
7.21	2803.77266	0	0
7.22	2803.77266	0	0
7.23	2803.77266	0	0
7.24	2803.77266	0	0
7.25	2803.77266	0	0
7.26	2803.77266	0	0
7.27	2803.77266	0	0
7.28	2803.77266	0	0
7.29	2803.77266	0	0
7.3	2803.77266	0	0
7.31	2803.77266	0	0
7.32	2803.77266	0	0
7.33	2803.77266	0	0
7.34	2803.77266	0	0
7.35	2803.77266	0	0
7.36	2803.77266	0	0
7.37	2803.77266	0	0
7.38	2803.77266	0	0
7.39	2803.77266	0	0
7.4	2803.77266	0	0
7.41	2803.77266	0	0
7.42	2803.77266	0	0
7.43	2803.77266	0	0
7.44	2803.77266	0	0
7.45	2803.77266	0	0
7.46	2803.77266	0	0
7.47	2803.77266	0	0
7.48	2803.77266	0	0
7.49	2803.77266	0	0
7.5	2803.77266	0	0
7.51	2803.77266	0	0
7.52	2803.77266	0	0
7.53	2803.77266	0	0
7.54	2803.77266	0	0
7.55	2803.77266	0	0
7.56	2803.77266	0	0
7.57	2803.77266	0	0
7.58	2803.77266	0	0
7.59	2803.77266	0	0
7.6	2803.77266	0	0
7.61	2803.77266	0	0
7.62	2803.77266	0	0
7.63	2803.77266	0	0
7.64	2803.77266	0	0
7.65	2803.77266	0	0
7.66	2803.77266	0	0
7.67	2803.77266	0	0
7.68	2803.77266	0	0
7.69	2803.77266	0	0
7.7	2803.77266	0	0
7.71	2803.77266	0	0
7.72	2803.77266	0	0
7.73	2803.77266	0	0
7.74	2803.77266	0	0
7.75	2803.77266	0	0
7.76	2803.77266	0	0
7.77	2803.77266	0	0
7.78	2803.77266	0	0
7.79	2803.77266	0	0
7.8	2803.77266	0	0
7.81	2803.77266	0	0
7.82	2803.77266	0	0
7.83	2803.77266	0	0
7.84	2803.77266	0	0
7.85	2803.77266	0	0
7.86	2803.77266	0	0
7.87	2803.77266	0	0
7.88	2803.77266	0	0
7.89	2803.77266	0	0
7.9	2803.77266	0	0
7.91	2803.77266	0	0
7.92	2803.77266	0	0
7.93	2803.77266	0	0
7.94	2803.77266	0	0
7.95	2803.77266	0	0
7.96	2803.77266	0	0
7.97	2803.77266	0	0
7.98	2803.77266	0	0
7.99	2803.77266	0	0
8	2803.77266	0	0
8.01	2803.77266	0	0
8.02	2803.77266	0	0
8.03	2803.77266	0	0
8.04	2803.77266	0	0
8.05	2803.77266	0	0
8.06	2803.77266	0	0
8.07	2803.77266	0	0
8.08	2803.77266	0	0
8.09	2803.77266	0	0
8.1	2803.77266	0	0
8.11	2803.77266	0	0
8.12	2803.77266	0	0
8.13	2803.77266	0	0
8.14	2803.77266	0	0
8.15	2803.77266	0	0
8.16	2803.77266	0	0
8.17	2803.77266	0	0
8.18	2803.77266	0	0
8.19	2803.77266	0	0
8.2	2803.77266	0	0
8.21	2803.77266	0	0
8.22	2803.77266	0	0
8.23	2803.77266	0	0
8.24	2803.77266	0	0
8.25	2803.77266	0	0
8.26	2803.77266	0	0
8.27	2803.77266	0	0
8.28	2803.77266	0	0
8.29	2803.77266	0	0
8.3	2803.77266	0	0
8.31	2803.77266	0	0
8.32	2803.77266	0	0
8.33	2803.77266	0	0
8.34	2803.77266	0	0
8.35	2803.77266	0	0
8.36	2803.77266	0	0
8.37	2803.77266	0	0
8.38	2803.77266	0	0
8.39	2803.77266	0	0
8.4	2803.77266	0	0
8.41	2803.77266	0	0
8.42	2803.77266	0	0
8.43	2803.77266	0	0
8.44	2803.77266	0	0
8.45	2803.77266	0	0
8.46	2803.77266	0	0
8.47	2803.77266	0	0
8.48	2803.77266	0	0
8.49	2803.77266	0	0
8.5	2803.77266	0	0
8.51	2803.77266	0	0
8.52	2803.77266	0	0
8.53	2803.77266	0	0
8.54	2803.77266	0	0
8.55	2803.77266	0	0
8.56	2803.77266	0	0
8.57	2803.77266	0	0
8.58	2803.77266	0	0
8.59	2803.77266	0	0
8.6	2803.77266	0	0
8.61	2803.77266	0	0
8.62	2803.77266	0	0
8.63	2803.77266	0	0
8.64	2803.77266	0	0
8.65	2803.77266	0	0
8.66	2803.77266	0	0
8.67	2803.77266	0	0
8.68	2803.77266	0	0
8.69	2803.77266	0	0
8.7	2803.77266	0	0
8.71	2803.77266	0	0
8.72	2803.77266	0	0
8.73	2803.77266	0	0
8.74	2803.77266	0	0
8.75	2803.77266	0	0
8.76	2803.77266	0	0
8.77	2803.77266	0	0
8.78	2803.77266	0	0
8.79	2803.77266	0	0
8.8	2803.77266	0	0
8.81	2803.77266	0	0
8.82	2803.77266	0	0
8.83	2803.77266	0	0
8.84	2803.77266	0	0
8.85	2803.77266	0	0
8.86	2803.77266	0	0
8.87	2803.77266	0	0
8.88	2803.77266	0	0
8.89	2803.77266	0	0
8.9	2803.77266	0	0
8.91	2803.77266	0	0
8.92	2803.77266	0	0
8.93	2803.77266	0	0
8.94	2803.77266	0	0
8.95	2803.77266	0	0
8.96	2803.77266	0	0
8.97	2803.77266	0	0
8.98	2803.77266	0	0
8.99	2803.77266	0	0
9	2803.77266	0	0
9.01	2803.77266	0	0
9.02	2803.77266	0	0
9.03	2803.77266	0	0
9.04	2803.77266	0	0
9.05	2803.77266	0	0
9.06	2803.77266	0	0
9.07	2803.77266	0	0
9.08	2803.77266	0	0
9.09	2803.77266	0	0
9.1	2803.77266	0	0
9.11	2803.77266	0	0
9.12	2803.77266	0	0
9.13	2803.77266	0	0
9.14	2803.77266	0	0
9.15	2803.77266	0	0
9.16	2803.77266	0	0
9.17	2803.77266	0	0
9.18	2803.77266	0	0
9.19	2803.77266	0	0
9.2	2803.77266	0	0
9.21	2803.77266	0	0
9.22	2803.77266	0	0
9.23	2803.77266	0	0
9.24	2803.77266	0	0
9.25	2803.77266	0	0
9.26	2803.77266	0	0
9.27	2803.77266	0	0
9.28	2803.77266	0	0
9.29	2803.77266	0	0
9.3	2803.77266	0	0
9.31	2803.77266	0	0
9.32	2803.77266	0	0
9.33	2803.77266	0	0
9.34	2803.77266	0	0
9.35	2803.77266	0	0
9.36	2803.77266	0	0
9.37	2803.77266	0	0
9.38	2803.77266	0	0
9.39	2803.77266	0	0
9.4	2803.77266	0	0
9.41	2803.77266	0	0
9.42	2803.77266	0	0
9.43	2803.77266	0	0
9.44	2803.77266	0	0
9.45	2803.77266	0	0
9.46	2803.77266	0	0
9.47	2803.77266	0	0
9.48	2803.77266	0	0
9.49	2803.77266	0	0
9.5	2803.77266	0	0
9.51	2803.77266	0	0
9.52	2803.77266	0	0
9.53	2803.77266	0	0
9.54	2803.77266	0	0
9.55	2803.77266	0	0
9.56	2803.77266	0	0
9.57	2803.77266	0	0
9.58	2803.77266	0	0
9.59	2803.77266	0	0
9.6	2803.77266	0	0
9.61	2803.77266	0	0
9.62	2803.77266	0	0
9.63	2803.77266	0	0
9.64	2803.77266	0	0
9.65	2803.77266	0	0
9.66	2803.77266	0	0
9.67	2803.77266	0	0
9.68	2803.77266	0	0
9.69	2803.77266	0	0
9.7	2803.77266	0	0
9.71	2803.77266	0	0
9.72	2803.77266	0	0
9.73	2803.77266	0	0
9.74	2803.77266	0	0
9.75	2803.77266	0	0
9.76	2803.77266	0	0
9.77	2803.77266	0	0
9.78	2803.77266	0	0
9.79	2803.77266	0	0
9.8	2803.77266	0	0
9.81	2803.77266	0	0
9.82	2803.77266	0	0
9.83	2803.77266	0	0
9.84	2803.77266	0	0
9.85	2803.77266	0	0
9.86	2803.77266	0	0
9.87	2803.77266	0	0
9.88	2803.77266	0	0
9.89	2803.77266	0	0
9.9	2803.77266	0	0
9.91	2803.77266	0	0
9.92	2803.77266	0	0
9.93	2803.77266	0	0
9.94	2803.77266	0	0
9.95	2803.77266	0	0
9.96	2803.77266	0	0
9.97	2803.77266	0	0
9.98	2803.77266	0	0
9.99	2803.77266	0	0
10	2803.77266	0	0
10.01	2803.77266	0	0
10.02	2803.77266	0	0
10.03	2803.77266	0	0
10.04	2803.77266	0	0
10.05	2803.77266	0	0
10.06	2803.77266	0	0
10.07	2803.77266	0	0
10.08	2803.77266	0	0
10.09	2803.77266	0	0
10.1	2803.77266	0	0
10.11	2803.77266	0	0
10.12	2803.77266	0	0
10.13	2803.77266	0	0
10.14	2803.77266	0	0
10.15	2803.77266	0	0
10.16	2803.77266	0	0
10.17	2803.77266	0	0
10.18	2803.77266	0	0
10.19	2803.77266	0	0
10.2	2803.77266	0	0
10.21	2803.77266	0	0
10.22	2803.77266	0	0
10.23	2803.77266	0	0
10.24	2803.77266	0	0
10.25	2803.77266	0	0
10.26	2803.77266	0	0
10.27	2803.77266	0	0
10.28	2803.77266	0	0
10.29	2803.77266	0	0
10.3	2803.77266	0	0
10.31	2803.77266	0	0
10.32	2803.77266	0	0
10.33	2803.77266	0	0
10.34	2803.77266	0	0
10.35	2803.77266	0	0
10.36	2803.77266	0	0
10.37	2803.77266	0	0
10.38	2803.77266	0	0
10.39	2803.77266	0	0
10.4	2803.77266	0	0
10.41	2803.77266	0	0
10.42	2803.77266	0	0
10.43	2803.77266	0	0
10.44	2803.77266	0	0
10.45	2803.77266	0	0
10.46	2803.77266	0	0
10.47	2803.77266	0	0
10.48	2803.77266	0	0
10.49	2803.77266	0	0
10.5	2803.77266	0	0
10.51	2803.77266	0	0
10.52	2803.77266	0	0
10.53	2803.77266	0	0
10.54	2803.77266	0	0
10.55	2803.77266	0	0
10.56	2803.77266	0	0
10.57	2803.77266	0	0
10.58	2803.77266	0	0
10.59	2803.77266	0	0
10.6	2803.77266	0	0
10.61	2803.77266	0	0
10.62	2803.77266	0	0
10.63	2803.77266	0	0
10.64	2803.77266	0	0
10.65	2803.77266	0	0
10.66	2803.77266	0	0
10.67	2803.77266	0	0
10.68	2803.77266	0	0
10.69	2803.77266	0	0
10.7	2803.77266	0	0
10.71	2803.77266	0	0
10.72	2803.77266	0	0
10.73	2803.77266	0	0
10.74	2803.77266	0	0
10.75	2803.77266	0	0
10.76	2803.77266	0	0
10.77	2803.77266	0	0
10.78	2803.77266	0	0
10.79	2803.77266	0	0
10.8	2803.77266	0	0
10.81	2803.77266	0	0
10.82	2803.77266	0	0
10.83	2803.77266	0	0
10.84	2803.77266	0	0
10.85	2803.77266	0	0
10.86	2803.77266	0	0
10.87	2803.77266	0	0
10.88	2803.77266	0	0
10.89	2803.77266	0	0
10.9	2803.77266	0	0
10.91	2803.77266	0	0
10.92	2803.77266	0	0
10.93	2803.77266	0	0
10.94	2803.77266	0	0
10.95	2803.77266	0	0
10.96	2803.77266	0	0
10.97	2803.77266	0	0
10.98	2803.77266	0	0
10.99	2803.77266	0	0
11	2803.77266	0	0
11.01	2803.77266	0	0
11.02	2803.77266	0	0
11.03	2803.77266	0	0
11.04	2803.77266	0	0
11.05	2803.77266	0	0
11.06	2803.77266	0	0
11.07	2803.77266	0	0
11.08	2803.77266	0	0
11.09	2803.77266	0	0
11.1	2803.77266	0	0
11.11	2803.77266	0	0
11.12	2803.77266	0	0
11.13	2803.77266	0	0
11.14	2803.77266	0	0
11.15	2803.77266	0	0
11.16	2803.77266	0	0
11.17	2803.77266	0	0
11.18	2803.77266	0	0
11.19	2803.77266	0	0
11.2	2803.77266	0	0
11.21	2803.77266	0	0
11.22	2803.77266	0	0
11.23	2803.77266	0	0
11.24	2803.77266	0	0
11.25	2803.77266	0	0
11.26	2803.77266	0	0
11.27	2803.77266	0	0
11.28	2803.77266	0	0
11.29	2803.77266	0	0
11.3	2803.77266	0	0
11.31	2803.77266	0	0
11.32	2803.77266	0	0
11.33	2803.77266	0	0
11.34	2803.77266	0	0
11.35	2803.77266	0	0
11.36	2803.77266	0	0
11.37	2803.77266	0	0
11.38	2803.77266	0	0
11.39	2803.77266	0	0
11.4	2803.77266	0	0
11.41	2803.77266	0	0
11.42	2803.77266	0	0
11.43	2803.77266	0	0
11.44	2803.77266	0	0
11.45	2803.77266	0	0
11.46	2803.77266	0	0
11.47	2803.77266	0	0
11.48	2803.77266	0	0
11.49	2803.77266	0	0
11.5	2803.77266	0	0
11.51	2803.77266	0	0
11.52	2803.77266	0	0
11.53	2803.77266	0	0
11.54	2803.77266	0	0
11.55	2803.77266	0	0
11.56	2803.77266	0	0
11.57	2803.77266	0	0
11.58	2803.77266	0	0
11.59	2803.77266	0	0
11.6	2803.77266	0	0
11.61	2803.77266	0	0
11.62	2803.77266	0	0
11.63	2803.77266	0	0
11.64	2803.77266	0	0
11.65	2803.77266	0	0
11.66	2803.77266	0	0
11.67	2803.77266	0	0
11.68	2803.77266	0	0
11.69	2803.77266	0	0
11.7	2803.77266	0	0
11.71	2803.77266	0	0
11.72	2803.77266	0	0
11.73	2803.77266	0	0
11.74	2803.77266	0	0
11.75	2803.77266	0	0
11.76	2803.77266	0	0
11.77	2803.77266	0	0
11.78	2803.77266	0	0
11.79	2803.77266	0	0
11.8	2803.77266	0	0
11.81	2803.77266	0	0
11.82	2803.77266	0	0
11.83	2803.77266	0	0
11.84	2803.77266	0	0
11.85	2803.77266	0	0
11.86	2803.77266	0	0
11.87	2803.77266	0	0
11.88	2803.77266	0	0
11.89	2803.77266	0	0
11.9	2803.77266	0	0
11.91	2803.77266	0	0
11.92	2803.77266	0	0
11.93	2803.77266	0	0
11.94	2803.77266	0	0
11.95	2803.77266	0	0
11.96	2803.77266	0	0
11.97	2803.77266	0	0
11.98	2803.77266	0	0
11.99	2803.77266	0	0
12	2803.77266	0	0
12.01	2803.77266	0	0
12.02	2803.77266	0	0
12.03	2803.77266	0	0
12.04	2803.77266	0	0
12.05	2803.77266	0	0
12.06	2803.77266	0	0
12.07	2803.77266	0	0
12.08	2803.77266	0	0
12.09	2803.77266	0	0
12.1	2803.77266	0	0
12.11	2803.77266	0	0
12.12	2803.77266	0	0
12.13	2803.77266	0	0
12.14	2803.77266	0	0
12.15	2803.77266	0	0
12.16	2803.77266	0	0
12.17	2803.77266	0	0
12.18	2803.77266	0	0
12.19	2803.77266	0	0
12.2	2803.77266	0	0
12.21	2803.77266	0	0
12.22	2803.77266	0	0
12.23	2803.77266	0	0
12.24	2803.77266	0	0
12.25	2803.77266	0	0
12.26	2803.77266	0	0
12.27	2803.77266	0	0
12.28	2803.77266	0	0
12.29	2803.77266	0	0
12.3	2803.77266	0	0
12.31	2803.77266	0	0
12.32	2803.77266	0	0
12.33	2803.77266	0	0
12.34	2803.77266	0	0
12.35	2803.77266	0	0
12.36	2803.77266	0	0
12.37	2803.77266	0	0
12.38	2803.77266	0	0
12.39	2803.77266	0	0
12.4	2803.77266	0	0
12.41	2803.77266	0	0
12.42	2803.77266	0	0
12.43	2803.77266	0	0
12.44	2803.77266	0	0
12.45	2803.77266	0	0
12.46	2803.77266	0	0
12.47	2803.77266	0	0
12.48	2803.77266	0	0
12.49	2803.77266	0	0
12.5	2803.77266	0	0
12.51	2803.77266	0	0
12.52	2803.77266	0	0
12.53	2803.77266	0	0
12.54	2803.77266	0	0
12.55	2803.77266	0	0
12.56	2803.77266	0	0
12.57	2803.77266	0	0
12.58	2803.77266	0	0
12.59	2803.77266	0	0
12.6	2803.77266	0	0
12.61	2803.77266	0	0
12.62	2803.77266	0	0
12.63	2803.77266	0	0
12.64	2803.77266	0	0
12.65	2803.77266	0	0
12.66	2803.77266	0	0
12.67	2803.77266	0	0
12.68	2803.77266	0	0
12.69	2803.77266	0	0
12.7	2803.77266	0	0
12.71	2803.77266	0	0
12.72	2803.77266	0	0
12.73	2803.77266	0	0
12.74	2803.77266	0	0
12.75	2803.77266	0	0
12.76	2803.77266	0	0
12.77	2803.77266	0	0
12.78	2803.77266	0	0
12.79	2803.77266	0	0
12.8	2803.77266	0	0
12.81	2803.77266	0	0
12.82	2803.77266	0	0
12.83	2803.77266	0	0
12.84	2803.77266	0	0
12.85	2803.77266	0	0
12.86	2803.77266	0	0
12.87	2803.77266	0	0
12.88	2803.77266	0	0
12.89	2803.77266	0	0
12.9	2803.77266	0	0
12.91	2803.77266	0	0
12.92	2803.77266	0	0
12.93	2803.77266	0	0
12.94	2803.77266	0	0
12.95	2803.77266	0	0
12.96	2803.77266	0	0
12.97	2803.77266	0	0
12.98	2803.77266	0	0
12.99	2803.77266	0	0
13	2803.77266	0	0
13.01	2803.77266	0	0
13.02	2803.77266	0	0
13.03	2803.77266	0	0
13.04	2803.77266	0	0
13.05	2803.77266	0	0
13.06	2803.77266	0	0
13.07	2803.77266	0	0
13.08	2803.77266	0	0
13.09	2803.77266	0	0
13.1	2803.77266	0	0
13.11	2803.77266	0	0
13.12	2803.77266	0	0
13.13	2803.77266	0	0
13.14	2803.77266	0	0
13.15	2803.77266	0	0
13.16	2803.77266	0	0
13.17	2803.77266	0	0
13.18	2803.77266	0	0
13.19	2803.77266	0	0
13.2	2803.77266	0	0
13.21	2803.77266	0	0
13.22	2803.77266	0	0
13.23	2803.77266	0	0
13.24	2803.77266	0	0
13.25	2803.77266	0	0
13.26	2803.77266	0	0
13.27	2803.77266	0	0
13.28	2803.77266	0	0
13.29	2803.77266	0	0
13.3	2803.77266	0	0
13.31	2803.77266	0	0
13.32	2803.77266	0	0
13.33	2803.77266	0	0
13.34	2803.77266	0	0
13.35	2803.77266	0	0
13.36	2803.77266	0	0
13.37	2803.77266	0	0
13.38	2803.77266	0	0
13.39	2803.77266	0	0
13.4	2803.77266	0	0
13.41	2803.77266	0	0
13.42	2803.77266	0	0
13.43	2803.77266	0	0
13.44	2803.77266	0	0
13.45	2803.77266	0	0
13.46	2803.77266	0	0
13.47	2803.77266	0	0
13.48	2803.77266	0	0
13.49	2803.77266	0	0
13.5	2803.77266	0	0
13.51	2803.77266	0	0
13.52	2803.77266	0	0
13.53	2803.77266	0	0
13.54	2803.77266	0	0
13.55	2803.77266	0	0
13.56	2803.77266	0	0
13.57	2803.77266	0	0
13.58	2803.77266	0	0
13.59	2803.77266	0	0
13.6	2803.77266	0	0
13.61	2803.77266	0	0
13.62	2803.77266	0	0
13.63	2803.77266	0	0
13.64	2803.77266	0	0
13.65	2803.77266	0	0
13.66	2803.77266	0	0
13.67	2803.77266	0	0
13.68	2803.77266	0	0
13.69	2803.77266	0	0
13.7	2803.77266	0	0
13.71	2803.77266	0	0
13.72	2803.77266	0	0
13.73	2803.77266	0	0
13.74	2803.77266	0	0
13.75	2803.77266	0	0
13.76	2803.77266	0	0
13.77	2803.77266	0	0
13.78	2803.77266	0	0
13.79	2803.77266	0	0
13.8	2803.77266	0	0
13.81	2803.77266	0	0
13.82	2803.77266	0	0
13.83	2803.77266	0	0
13.84	2803.77266	0	0
13.85	2803.77266	0	0
13.86	2803.77266	0	0
13.87	2803.77266	0	0
13.88	2803.77266	0	0
13.89	2803.77266	0	0
13.9	2803.77266	0	0
13.91	2803.77266	0	0
13.92	2803.77266	0	0
13.93	2803.77266	0	0
13.94	2803.77266	0	0
13.95	2803.77266	0	0
13.96	2803.77266	0	0
13.97	2803.77266	0	0
13.98	2803.77266	0	0
13.99	2803.77266	0	0
14	2803.77266	0	0
14.01	2803.77266	0	0
14.02	2803.77266	0	0
14.03	2803.77266	0	0
14.04	2803.77266	0	0
14.05	2803.77266	0	0
14.06	2803.77266	0	0
14.07	2803.77266	0	0
14.08	2803.77266	0	0
14.09	2803.77266	0	0
14.1	2803.77266	0	0
14.11	2803.77266	0	0
14.12	2803.77266	0	0
14.13	2803.77266	0	0
14.14	2803.77266	0	0
14.15	2803.77266	0	0
14.16	2803.77266	0	0
14.17	2803.77266	0	0
14.18	2803.77266	0	0
14.19	2803.77266	0	0
14.2	2803.77266	0	0
14.21	2803.77266	0	0
14.22	2803.77266	0	0
14.23	2803.77266	0	0
14.24	2803.77266	0	0
14.25	2803.77266	0	0
14.26	2803.77266	0	0
14.27	2803.77266	0	0
14.28	2803.77266	0	0
14.29	2803.77266	0	0
14.3	2803.77266	0	0
14.31	2803.77266	0	0
14.32	2803.77266	0	0
14.33	2803.77266	0	0
14.34	2803.77266	0	0
14.35	2803.77266	0	0
14.36	2803.77266	0	0
14.37	2803.77266	0	0
14.38	2803.77266	0	0
14.39	2803.77266	0	0
14.4	2803.77266	0	0
14.41	2803.77266	0	0
14.42	2803.77266	0	0
14.43	2803.77266	0	0
14.44	2803.77266	0	0
14.45	2803.77266	0	0
14.46	2803.77266	0	0
14.47	2803.77266	0	0
14.48	2803.77266	0	0
14.49	2803.77266	0	0
14.5	2803.77266	0	0
14.51	2803.77266	0	0
14.52	2803.77266	0	0
14.53	2803.77266	0	0
14.54	2803.77266	0	0
14.55	2803.77266	0	0
14.56	2803.77266	0	0
14.57	2803.77266	0	0
14.58	2803.77266	0	0
14.59	2803.77266	0	0
14.6	2803.77266	0	0
14.61	2803.77266	0	0
14.62	2803.77266	0	0
14.63	2803.77266	0	0
14.64	2803.77266	0	0
14.65	2803.77266	0	0
14.66	2803.77266	0	0
14.67	2803.77266	0	0
14.68	2803.77266	0	0
14.69	2803.77266	0	0
14.7	2803.77266	0	0
14.71	2803.77266	0	0
14.72	2803.77266	0	0
14.73	2803.77266	0	0
14.74	2803.77266	0	0
14.75	2803.77266	0	0
14.76	2803.77266	0	0
14.77	2803.77266	0	0
14.78	2803.77266	0	0
14.79	2803.77266	0	0
14.8	2803.77266	0	0
14.81	2803.77266	0	0
14.82	2803.77266	0	0
14.83	2803.77266	0	0
14.84	2803.77266	0	0
14.85	2803.77266	0	0
14.86	2803.77266	0	0
14.87	2803.77266	0	0
14.88	2803.77266	0	0
14.89	2803.77266	0	0
14.9	2803.77266	0	0
14.91	2803.77266	0	0
14.92	2803.77266	0	0
14.93	2803.77266	0	0
14.94	2803.77266	0	0
14.95	2803.77266	0	0
14.96	2803.77266	0	0
14.97	2803.77266	0	0
14.98	2803.77266	0	0
14.99	2803.77266	0	0
15	2803.77266	0	0
15.01	2803.77266	0	0
15.02	2803.77266	0	0
15.03	2803.77266	0	0
15.04	2803.77266	0	0
15.05	2803.77266	0	0
15.06	2803.77266	0	0
15.07	2803.77266	0	0
15.08	2803.77266	0	0
15.09	2803.77266	0	0
15.1	2803.77266	0	0
15.11	2803.77266	0	0
15.12	2803.77266	0	0
15.13	2803.77266	0	0
15.14	2803.77266	0	0
15.15	2803.77266	0	0
15.16	2803.77266	0	0
15.17	2803.77266	0	0
15.18	2803.77266	0	0
15.19	2803.77266	0	0
15.2	2803.77266	0	0
15.21	2803.77266	0	0
15.22	2803.77266	0	0
15.23	2803.77266	0	0
15.24	2803.77266	0	0
15.25	2803.77266	0	0
15.26	2803.77266	0	0
15.27	2803.77266	0	0
15.28	2803.77266	0	0
15.29	2803.77266	0	0
15.3	2803.77266	0	0
15.31	2803.77266	0	0
15.32	2803.77266	0	0
15.33	2803.77266	0	0
15.34	2803.77266	0	0
15.35	2803.77266	0	0
15.36	2803.77266	0	0
15.37	2803.77266	0	0
15.38	2803.77266	0	0
15.39	2803.77266	0	0
15.4	2803.77266	0	0
15.41	2803.77266	0	0
15.42	2803.77266	0	0
15.43	2803.77266	0	0
15.44	2803.77266	0	0
15.45	2803.77266	0	0
15.46	2803.77266	0	0
15.47	2803.77266	0	0
15.48	2803.77266	0	0
15.49	2803.77266	0	0
15.5	2803.77266	0	0
15.51	2803.77266	0	0
15.52	2803.77266	0	0
15.53	2803.77266	0	0
15.54	2803.77266	0	0
15.55	2803.77266	0	0
15.56	2803.77266	0	0
15.57	2803.77266	0	0
15.58	2803.77266	0	0
15.59	2803.77266	0	0
15.6	2803.77266	0	0
15.61	2803.77266	0	0
15.62	2803.77266	0	0
15.63	2803.77266	0	0
15.64	2803.77266	0	0
15.65	2803.77266	0	0
15.66	2803.77266	0	0
15.67	2803.77266	0	0
15.68	2803.77266	0	0
15.69	2803.77266	0	0
15.7	2803.77266	0	0
15.71	2803.77266	0	0
15.72	2803.77266	0	0
15.73	2803.77266	0	0
15.74	2803.77266	0	0
15.75	2803.77266	0	0
15.76	2803.77266	0	0
15.77	2803.77266	0	0
15.78	2803.77266	0	0
15.79	2803.77266	0	0
15.8	2803.77266	0	0
15.81	2803.77266	0	0
15.82	2803.77266	0	0
15.83	2803.77266	0	0
15.84	2803.77266	0	0
15.85	2803.77266	0	0
15.86	2803.77266	0	0
15.87	2803.77266	0	0
15.88	2803.77266	0	0
15.89	2803.77266	0	0
15.9	2803.77266	0	0
15.91	2803.77266	0	0
15.92	2803.77266	0	0
15.93	2803.77266	0	0
15.94	2803.77266	0	0
15.95	2803.77266	0	0
15.96	2803.77266	0	0
15.97	2803.77266	0	0
15.98	2803.77266	0	0
15.99	2803.77266	0	0
16	2803.77266	0	0
16.01	2803.77266	0	0
16.02	2803.77266	0	0
16.03	2803.77266	0	0
16.04	2803.77266	0	0
16.05	2803.77266	0	0
16.06	2803.77266	0	0
16.07	2803.77266	0	0
16.08	2803.77266	0	0
16.09	2803.77266	0	0
16.1	2803.77266	0	0
16.11	2803.77266	0	0
16.12	2803.77266	0	0
16.13	2803.77266	0	0
16.14	2803.77266	0	0
16.15	2803.77266	0	0
16.16	2803.77266	0	0
16.17	2803.77266	0	0
16.18	2803.77266	0	0
16.19	2803.77266	0	0
16.2	2803.77266	0	0
16.21	2803.77266	0	0
16.22	2803.77266	0	0
16.23	2803.77266	0	0
16.24	2803.77266	0	0
16.25	2803.77266	0	0
16.26	2803.77266	0	0
16.27	2803.77266	0	0
16.28	2803.77266	0	0
16.29	2803.77266	0	0
16.3	2803.77266	0	0
16.31	2803.77266	0	0
16.32	2803.77266	0	0
16.33	2803.77266	0	0
16.34	2803.77266	0	0
16.35	2803.77266	0	0
16.36	2803.77266	0	0
16.37	2803.77266	0	0
16.38	2803.77266	0	0
16.39	2803.77266	0	0
16.4	2803.77266	0	0
16.41	2803.77266	0	0
16.42	2803.77266	0	0
16.43	2803.77266	0	0
16.44	2803.77266	0	0
16.45	2803.77266	0	0
16.46	2803.77266	0	0
16.47	2803.77266	0	0
16.48	2803.77266	0	0
16.49	2803.77266	0	0
16.5	2803.77266	0	0
16.51	2803.77266	0	0
16.52	2803.77266	0	0
16.53	2803.77266	0	0
16.54	2803.77266	0	0
16.55	2803.77266	0	0
16.56	2803.77266	0	0
16.57	2803.77266	0	0
16.58	2803.77266	0	0
16.59	2803.77266	0	0
16.6	2803.77266	0	0
16.61	2803.77266	0	0
16.62	2803.77266	0	0
16.63	2803.77266	0	0
16.64	2803.77266	0	0
16.65	2803.77266	0	0
16.66	2803.77266	0	0
16.67	2803.77266	0	0
16.68	2803.77266	0	0
16.69	2803.77266	0	0
16.7	2803.77266	0	0
16.71	2803.77266	0	0
16.72	2803.77266	0	0
16.73	2803.77266	0	0
16.74	2803.77266	0	0
16.75	2803.77266	0	0
16.76	2803.77266	0	0
16.77	2803.77266	0	0
16.78	2803.77266	0	0
16.79	2803.77266	0	0
16.8	2803.77266	0	0
16.81	2803.77266	0	0
16.82	2803.77266	0	0
16.83	2803.77266	0	0
16.84	2803.77266	0	0
16.85	2803.77266	0	0
16.86	2803.77266	0	0
16.87	2803.77266	0	0
16.88	2803.77266	0	0
16.89	2803.77266	0	0
16.9	2803.77266	0	0
16.91	2803.77266	0	0
16.92	2803.77266	0	0
16.93	2803.77266	0	0
16.94	2803.77266	0	0
16.95	2803.77266	0	0
16.96	2803.77266	0	0
16.97	2803.77266	0	0
16.98	2803.77266	0	0
16.99	2803.77266	0	0
17	2803.77266	0	0
17.01	2803.77266	0	0
17.02	2803.77266	0	0
17.03	2803.77266	0	0
17.04	2803.77266	0	0
17.05	2803.77266	0	0
17.06	2803.77266	0	0
17.07	2803.77266	0	0
17.08	2803.77266	0	0
17.09	2803.77266	0	0
17.1	2803.77266	0	0
17.11	2803.77266	0	0
17.12	2803.77266	0	0
17.13	2803.77266	0	0
17.14	2803.77266	0	0
17.15	2803.77266	0	0
17.16	2803.77266	0	0
17.17	2803.77266	0	0
17.18	2803.77266	0	0
17.19	2803.77266	0	0
17.2	2803.77266	0	0
17.21	2803.77266	0	0
17.22	2803.77266	0	0
17.23	2803.77266	0	0
17.24	2803.77266	0	0
17.25	2803.77266	0	0
17.26	2803.77266	0	0
17.27	2803.77266	0	0
17.28	2803.77266	0	0
17.29	2803.77266	0	0
17.3	2803.77266	0	0
17.31	2803.77266	0	0
17.32	2803.77266	0	0
17.33	2803.77266	0	0
17.34	2803.77266	0	0
17.35	2803.77266	0	0
17.36	2803.77266	0	0
17.37	2803.77266	0	0
17.38	2803.77266	0	0
17.39	2803.77266	0	0
17.4	2803.77266	0	0
17.41	2803.77266	0	0
17.42	2803.77266	0	0
17.43	2803.77266	0	0
17.44	2803.77266	0	0
17.45	2803.77266	0	0
17.46	2803.77266	0	0
17.47	2803.77266	0	0
17.48	2803.77266	0	0
17.49	2803.77266	0	0
17.5	2803.77266	0	0
17.51	2803.77266	0	0
17.52	2803.77266	0	0
17.53	2803.77266	0	0
17.54	2803.77266	0	0
17.55	2803.77266	0	0
17.56	2803.77266	0	0
17.57	2803.77266	0	0
17.58	2803.77266	0	0
17.59	2803.77266	0	0
17.6	2803.77266	0	0
17.61	2803.77266	0	0
17.62	2803.77266	0	0
17.63	2803.77266	0	0
17.64	2803.77266	0	0
17.65	2803.77266	0	0
17.66	2803.77266	0	0
17.67	2803.77266	0	0
17.68	2803.77266	0	0
17.69	2803.77266	0	0
17.7	2803.77266	0	0
17.71	2803.77266	0	0
17.72	2803.77266	0	0
17.73	2803.77266	0	0
17.74	2803.77266	0	0
17.75	2803.77266	0	0
17.76	2803.77266	0	0
17.77	2803.77266	0	0
17.78	2803.77266	0	0
17.79	2803.77266	0	0
17.8	2803.77266	0	0
17.81	2803.77266	0	0
17.82	2803.77266	0	0
17.83	2803.77266	0	0
17.84	2803.77266	0	0
17.85	2803.77266	0	0
17.86	2803.77266	0	0
17.87	2803.77266	0	0
17.88	2803.77266	0	0
17.89	2803.77266	0	0
17.9	2803.77266	0	0
17.91	2803.77266	0	0
17.92	2803.77266	0	0
17.93	2803.77266	0	0
17.94	2803.77266	0	0
17.95	2803.77266	0	0
17.96	2803.77266	0	0
17.97	2803.77266	0	0
17.98	2803.77266	0	0
17.99	2803.77266	0	0
18	2803.77266	0	0
18.01	2803.77266	0	0
18.02	2803.77266	0	0
18.03	2803.77266	0	0
18.04	2803.77266	0	0
18.05	2803.77266	0	0
18.06	2803.77266	0	0
18.07	2803.77266	0	0
18.08	2803.77266	0	0
18.09	2803.77266	0	0
18.1	2803.77266	0	0
18.11	2803.77266	0	0
18.12	2803.77266	0	0
18.13	2803.77266	0	0
18.14	2803.77266	0	0
18.15	2803.77266	0	0
18.16	2803.77266	0	0
18.17	2803.77266	0	0
18.18	2803.77266	0	0
18.19	2803.77266	0	0
18.2	2803.77266	0	0
18.21	2803.77266	0	0
18.22	2803.77266	0	0
18.23	2803.77266	0	0
18.24	2803.77266	0	0
18.25	2803.77266	0	0
18.26	2803.77266	0	0
18.27	2803.77266	0	0
18.28	2803.77266	0	0
18.29	2803.77266	0	0
18.3	2803.77266	0	0
18.31	2803.77266	0	0
18.32	2803.77266	0	0
18.33	2803.77266	0	0
18.34	2803.77266	0	0
18.35	2803.77266	0	0
18.36	2803.77266	0	0
18.37	2803.77266	0	0
18.38	2803.77266	0	0
18.39	2803.77266	0	0
18.4	2803.77266	0	0
18.41	2803.77266	0	0
18.42	2803.77266	0	0
18.43	2803.77266	0	0
18.44	2803.77266	0	0
18.45	2803.77266	0	0
18.46	2803.77266	0	0
18.47	2803.77266	0	0
18.48	2803.77266	0	0
18.49	2803.77266	0	0
18.5	2803.77266	0	0
18.51	2803.77266	0	0
18.52	2803.77266	0	0
18.53	2803.77266	0	0
18.54	2803.77266	0	0
18.55	2803.77266	0	0
18.56	2803.77266	0	0
18.57	2803.77266	0	0
18.58	2803.77266	0	0
18.59	2803.77266	0	0
18.6	2803.77266	0	0
18.61	2803.77266	0	0
18.62	2803.77266	0	0
18.63	2803.77266	0	0
18.64	2803.77266	0	0
18.65	2803.77266	0	0
18.66	2803.77266	0	0
18.67	2803.77266	0	0
18.68	2803.77266	0	0
18.69	2803.77266	0	0
18.7	2803.77266	0	0
18.71	2803.77266	0	0
18.72	2803.77266	0	0
18.73	2803.77266	0	0
18.74	2803.77266	0	0
18.75	2803.77266	0	0
18.76	2803.77266	0	0
18.77	2803.77266	0	0
18.78	2803.77266	0	0
18.79	2803.77266	0	0
18.8	2803.77266	0	0
18.81	2803.77266	0	0
18.82	2803.77266	0	0
18.83	2803.77266	0	0
18.84	2803.77266	0	0
18.85	2803.77266	0	0
18.86	2803.77266	0	0
18.87	2803.77266	0	0
18.88	2803.77266	0	0
18.89	2803.77266	0	0
18.9	2803.77266	0	0
18.91	2803.77266	0	0
18.92	2803.77266	0	0
18.93	2803.77266	0	0
18.94	2803.77266	0	0
18.95	2803.77266	0	0
18.96	2803.77266	0	0
18.97	2803.77266	0	0
18.98	2803.77266	0	0
18.99	2803.77266	0	0
19	2803.77266	0	0
19.01	2803.77266	0	0
19.02	2803.77266	0	0
19.03	2803.77266	0	0
19.04	2803.77266	0	0
19.05	2803.77266	0	0
19.06	2803.77266	0	0
19.07	2803.77266	0	0
19.08	2803.77266	0	0
19.09	2803.77266	0	0
19.1	2803.77266	0	0
19.11	2803.77266	0	0
19.12	2803.77266	0	0
19.13	2803.77266	0	0
19.14	2803.77266	0	0
19.15	2803.77266	0	0
19.16	2803.77266	0	0
19.17	2803.77266	0	0
19.18	2803.77266	0	0
19.19	2803.77266	0	0
19.2	2803.77266	0	0
19.21	2803.77266	0	0
19.22	2803.77266	0	0
19.23	2803.77266	0	0
19.24	2803.77266	0	0
19.25	2803.77266	0	0
19.26	2803.77266	0	0
19.27	2803.77266	0	0
19.28	2803.77266	0	0
19.29	2803.77266	0	0
19.3	2803.77266	0	0
19.31	2803.77266	0	0
19.32	2803.77266	0	0
19.33	2803.77266	0	0
19.34	2803.77266	0	0
19.35	2803.77266	0	0
19.36	2803.77266	0	0
19.37	2803.77266	0	0
19.38	2803.77266	0	0
19.39	2803.77266	0	0
19.4	2803.77266	0	0
19.41	2803.77266	0	0
19.42	2803.77266	0	0
19.43	2803.77266	0	0
19.44	2803.77266	0	0
19.45	2803.77266	0	0
19.46	2803.77266	0	0
19.47	2803.77266	0	0
19.48	2803.77266	0	0
19.49	2803.77266	0	0
19.5	2803.77266	0	0
19.51	2803.77266	0	0
19.52	2803.77266	0	0
19.53	2803.77266	0	0
19.54	2803.77266	0	0
19.55	2803.77266	0	0
19.56	2803.77266	0	0
19.57	2803.77266	0	0
19.58	2803.77266	0	0
19.59	2803.77266	0	0
19.6	2803.77266	0	0
19.61	2803.77266	0	0
19.62	2803.77266	0	0
19.63	2803.77266	0	0
19.64	2803.77266	0	0
19.65	2803.77266	0	0
19.66	2803.77266	0	0
19.67	2803.77266	0	0
19.68	2803.77266	0	0
19.69	2803.77266	0	0
19.7	2803.77266	0	0
19.71	2803.77266	0	0
19.72	2803.77266	0	0
19.73	2803.77266	0	0
19.74	2803.77266	0	0
19.75	2803.77266	0	0
19.76	2803.77266	0	0
19.77	2803.77266	0	0
19.78	2803.77266	0	0
19.79	2803.77266	0	0
19.8	2803.77266	0	0
19.81	2803.77266	0	0
19.82	2803.77266	0	0
19.83	2803.77266	0	0
19.84	2803.77266	0	0
19.85	2803.77266	0	0
19.86	2803.77266	0	0
19.87	2803.77266	0	0
19.88	2803.77266	0	0
19.89	2803.77266	0	0
19.9	2803.77266	0	0
19.91	2803.77266	0	0
19.92	2803.77266	0	0
19.93	2803.77266	0	0
19.94	2803.77266	0	0
19.95	2803.77266	0	0
19.96	2803.77266	0	0
19.97	2803.77266	0	0
19.98	2803.77266	0	0
19.99	2803.77266	0	0
20	2803.77266	0	0
20.01	2803.77266	0	0
20.02	2803.77266	0	0
20.03	2803.77266	0	0
20.04	2803.77266	0	0
20.05	2803.77266	0	0
20.06	2803.77266	0	0
20.07	2803.77266	0	0
20.08	2803.77266	0	0
20.09	2803.77266	0	0
20.1	2803.77266	0	0
20.11	2803.77266	0	0
20.12	2803.77266	0	0
20.13	2803.77266	0	0
20.14	2803.77266	0	0
20.15	2803.77266	0	0
20.16	2803.77266	0	0
20.17	2803.77266	0	0
20.18	2803.77266	0	0
20.19	2803.77266	0	0
20.2	2803.77266	0	0
20.21	2803.77266	0	0
20.22	2803.77266	0	0
20.23	2803.77266	0	0
20.24	2803.77266	0	0
20.25	2803.77266	0	0
20.26	2803.77266	0	0
20.27	2803.77266	0	0
20.28	2803.77266	0	0
20.29	2803.77266	0	0
20.3	2803.77266	0	0
20.31	2803.77266	0	0
20.32	2803.77266	0	0
20.33	2803.77266	0	0
20.34	2803.77266	0	0
20.35	2803.77266	0	0
20.36	2803.77266	0	0
20.37	2803.77266	0	0
20.38	2803.77266	0	0
20.39	2803.77266	0	0
20.4	2803.77266	0	0
20.41	2803.77266	0	0
20.42	2803.77266	0	0
20.43	2803.77266	0	0
20.44	2803.77266	0	0
20.45	2803.77266	0	0
20.46	2803.77266	0	0
20.47	2803.77266	0	0
20.48	2803.77266	0	0
20.49	2803.77266	0	0
20.5	2803.77266	0	0
20.51	2803.77266	0	0
20.52	2803.77266	0	0
20.53	2803.77266	0	0
20.54	2803.77266	0	0
20.55	2803.77266	0	0
20.56	2803.77266	0	0
20.57	2803.77266	0	0
20.58	2803.77266	0	0
20.59	2803.77266	0	0
20.6	2803.77266	0	0
20.61	2803.77266	0	0
20.62	2803.77266	0	0
20.63	2803.77266	0	0
20.64	2803.77266	0	0
20.65	2803.77266	0	0
20.66	2803.77266	0	0
20.67	2803.77266	0	0
20.68	2803.77266	0	0
20.69	2803.77266	0	0
20.7	2803.77266	0	0
20.71	2803.77266	0	0
20.72	2803.77266	0	0
20.73	2803.77266	0	0
20.74	2803.77266	0	0
20.75	2803.77266	0	0
20.76	2803.77266	0	0
20.77	2803.77266	0	0
20.78	2803.77266	0	0
20.79	2803.77266	0	0
20.8	2803.77266	0	0
20.81	2803.77266	0	0
20.82	2803.77266	0	0
20.83	2803.77266	0	0
20.84	2803.77266	0	0
20.85	2803.77266	0	0
20.86	2803.77266	0	0
20.87	2803.77266	0	0
20.88	2803.77266	0	0
20.89	2803.77266	0	0
20.9	2803.77266	0	0
20.91	2803.77266	0	0
20.92	2803.77266	0	0
20.93	2803.77266	0	0
20.94	2803.77266	0	0
20.95	2803.77266	0	0
20.96	2803.77266	0	0
20.97	2803.77266	0	0
20.98	2803.77266	0	0
20.99	2803.77266	0	0
21	2803.77266	0	0
21.01	2803.77266	0	0
21.02	2803.77266	0	0
21.03	2803.77266	0	0
21.04	2803.77266	0	0
21.05	2803.77266	0	0
21.06	2803.77266	0	0
21.07	2803.77266	0	0
21.08	2803.77266	0	0
21.09	2803.77266	0	0
21.1	2803.77266	0	0
21.11	2803.77266	0	0
21.12	2803.77266	0	0
21.13	2803.77266	0	0
21.14	2803.77266	0	0
21.15	2803.77266	0	0
21.16	2803.77266	0	0
21.17	2803.77266	0	0
21.18	2803.77266	0	0
21.19	2803.77266	0	0
21.2	2803.77266	0	0
21.21	2803.77266	0	0
21.22	2803.77266	0	0
21.23	2803.77266	0	0
21.24	2803.77266	0	0
21.25	2803.77266	0	0
21.26	2803.77266	0	0
21.27	2803.77266	0	0
21.28	2803.77266	0	0
21.29	2803.77266	0	0
21.3	2803.77266	0	0
21.31	2803.77266	0	0
21.32	2803.77266	0	0
21.33	2803.77266	0	0
21.34	2803.77266	0	0
21.35	2803.77266	0	0
21.36	2803.77266	0	0
21.37	2803.77266	0	0
21.38	2803.77266	0	0
21.39	2803.77266	0	0
21.4	2803.77266	0	0
21.41	2803.77266	0	0
21.42	2803.77266	0	0
21.43	2803.77266	0	0
21.44	2803.77266	0	0
21.45	2803.77266	0	0
21.46	2803.77266	0	0
21.47	2803.77266	0	0
21.48	2803.77266	0	0
21.49	2803.77266	0	0
21.5	2803.77266	0	0
21.51	2803.77266	0	0
21.52	2803.77266	0	0
21.53	2803.77266	0	0
21.54	2803.77266	0	0
21.55	2803.77266	0	0
21.56	2803.77266	0	0
21.57	2803.77266	0	0
21.58	2803.77266	0	0
21.59	2803.77266	0	0
21.6	2803.77266	0	0
21.61	2803.77266	0	0
21.62	2803.77266	0	0
21.63	2803.77266	0	0
21.64	2803.77266	0	0
21.65	2803.77266	0	0
21.66	2803.77266	0	0
21.67	2803.77266	0	0
21.68	2803.77266	0	0
21.69	2803.77266	0	0
21.7	2803.77266	0	0
21.71	2803.77266	0	0
21.72	2803.77266	0	0
21.73	2803.77266	0	0
21.74	2803.77266	0	0
21.75	2803.77266	0	0
21.76	2803.77266	0	0
21.77	2803.77266	0	0
21.78	2803.77266	0	0
21.79	2803.77266	0	0
21.8	2803.77266	0	0
21.81	2803.77266	0	0
21.82	2803.77266	0	0
21.83	2803.77266	0	0
21.84	2803.77266	0	0
21.85	2803.77266	0	0
21.86	2803.77266	0	0
21.87	2803.77266	0	0
21.88	2803.77266	0	0
21.89	2803.77266	0	0
21.9	2803.77266	0	0
21.91	2803.77266	0	0
21.92	2803.77266	0	0
21.93	2803.77266	0	0
21.94	2803.77266	0	0
21.95	2803.77266	0	0
21.96	2803.77266	0	0
21.97	2803.77266	0	0
21.98	2803.77266	0	0
21.99	2803.77266	0	0
22	2803.77266	0	0
22.01	2803.77266	0	0
22.02	2803.77266	0	0
22.03	2803.77266	0	0
22.04	2803.77266	0	0
22.05	2803.77266	0	0
22.06	2803.77266	0	0
22.07	2803.77266	0	0
22.08	2803.77266	0	0
22.09	2803.77266	0	0
22.1	2803.77266	0	0
22.11	2803.77266	0	0
22.12	2803.77266	0	0
22.13	2803.77266	0	0
22.14	2803.77266	0	0
22.15	2803.77266	0	0
22.16	2803.77266	0	0
22.17	2803.77266	0	0
22.18	2803.77266	0	0
22.19	2803.77266	0	0
22.2	2803.77266	0	0
22.21	2803.77266	0	0
22.22	2803.77266	0	0
22.23	2803.77266	0	0
22.24	2803.77266	0	0
22.25	2803.77266	0	0
22.26	2803.77266	0	0
22.27	2803.77266	0	0
22.28	2803.77266	0	0
22.29	2803.77266	0	0
22.3	2803.77266	0	0
22.31	2803.77266	0	0
22.32	2803.77266	0	0
22.33	2803.77266	0	0
22.34	2803.77266	0	0
22.35	2803.77266	0	0
22.36	2803.77266	0	0
22.37	2803.77266	0	0
22.38	2803.77266	0	0
22.39	2803.77266	0	0
22.4	2803.77266	0	0
22.41	2803.77266	0	0
22.42	2803.77266	0	0
22.43	2803.77266	0	0
22.44	2803.77266	0	0
22.45	2803.77266	0	0
22.46	2803.77266	0	0
22.47	2803.77266	0	0
22.48	2803.77266	0	0
22.49	2803.77266	0	0
22.5	2803.77266	0	0
22.51	2803.77266	0	0
22.52	2803.77266	0	0
22.53	2803.77266	0	0
22.54	2803.77266	0	0
22.55	2803.77266	0	0
22.56	2803.77266	0	0
22.57	2803.77266	0	0
22.58	2803.77266	0	0
22.59	2803.77266	0	0
22.6	2803.77266	0	0
22.61	2803.77266	0	0
22.62	2803.77266	0	0
22.63	2803.77266	0	0
22.64	2803.77266	0	0
22.65	2803.77266	0	0
22.66	2803.77266	0	0
22.67	2803.77266	0	0
22.68	2803.77266	0	0
22.69	2803.77266	0	0
22.7	2803.77266	0	0
22.71	2803.77266	0	0
22.72	2803.77266	0	0
22.73	2803.77266	0	0
22.74	2803.77266	0	0
22.75	2803.77266	0	0
22.76	2803.77266	0	0
22.77	2803.77266	0	0
22.78	2803.77266	0	0
22.79	2803.77266	0	0
22.8	2803.77266	0	0
22.81	2803.77266	0	0
22.82	2803.77266	0	0
22.83	2803.77266	0	0
22.84	2803.77266	0	0
22.85	2803.77266	0	0
22.86	2803.77266	0	0
22.87	2803.77266	0	0
22.88	2803.77266	0	0
22.89	2803.77266	0	0
22.9	2803.77266	0	0
22.91	2803.77266	0	0
22.92	2803.77266	0	0
22.93	2803.77266	0	0
22.94	2803.77266	0	0
22.95	2803.77266	0	0
22.96	2803.77266	0	0
22.97	2803.77266	0	0
22.98	2803.77266	0	0
22.99	2803.77266	0	0
23	2803.77266	0	0
23.01	2803.77266	0	0
23.02	2803.77266	0	0
23.03	2803.77266	0	0
23.04	2803.77266	0	0
23.05	2803.77266	0	0
23.06	2803.77266	0	0
23.07	2803.77266	0	0
23.08	2803.77266	0	0
23.09	2803.77266	0	0
23.1	2803.77266	0	0
23.11	2803.77266	0	0
23.12	2803.77266	0	0
23.13	2803.77266	0	0
23.14	2803.77266	0	0
23.15	2803.77266	0	0
23.16	2803.77266	0	0
23.17	2803.77266	0	0
23.18	2803.77266	0	0
23.19	2803.77266	0	0
23.2	2803.77266	0	0
23.21	2803.77266	0	0
23.22	2803.77266	0	0
23.23	2803.77266	0	0
23.24	2803.77266	0	0
23.25	2803.77266	0	0
23.26	2803.77266	0	0
23.27	2803.77266	0	0
23.28	2803.77266	0	0
23.29	2803.77266	0	0
23.3	2803.77266	0	0
23.31	2803.77266	0	0
23.32	2803.77266	0	0
23.33	2803.77266	0	0
23.34	2803.77266	0	0
23.35	2803.77266	0	0
23.36	2803.77266	0	0
23.37	2803.77266	0	0
23.38	2803.77266	0	0
23.39	2803.77266	0	0
23.4	2803.77266	0	0
23.41	2803.77266	0	0
23.42	2803.77266	0	0
23.43	2803.77266	0	0
23.44	2803.77266	0	0
23.45	2803.77266	0	0
23.46	2803.77266	0	0
23.47	2803.77266	0	0
23.48	2803.77266	0	0
23.49	2803.77266	0	0
23.5	2803.77266	0	0
23.51	2803.77266	0	0
23.52	2803.77266	0	0
23.53	2803.77266	0	0
23.54	2803.77266	0	0
23.55	2803.77266	0	0
23.56	2803.77266	0	0
23.57	2803.77266	0	0
23.58	2803.77266	0	0
23.59	2803.77266	0	0
23.6	2803.77266	0	0
23.61	2803.77266	0	0
23.62	2803.77266	0	0
23.63	2803.77266	0	0
23.64	2803.77266	0	0
23.65	2803.77266	0	0
23.66	2803.77266	0	0
23.67	2803.77266	0	0
23.68	2803.77266	0	0
23.69	2803.77266	0	0
23.7	2803.77266	0	0
23.71	2803.77266	0	0
23.72	2803.77266	0	0
23.73	2803.77266	0	0
23.74	2803.77266	0	0
23.75	2803.77266	0	0
23.76	2803.77266	0	0
23.77	2803.77266	0	0
23.78	2803.77266	0	0
23.79	2803.77266	0	0
23.8	2803.77266	0	0
23.81	2803.77266	0	0
23.82	2803.77266	0	0
23.83	2803.77266	0	0
23.84	2803.77266	0	0
23.85	2803.77266	0	0
23.86	2803.77266	0	0
23.87	2803.77266	0	0
23.88	2803.77266	0	0
23.89	2803.77266	0	0
23.9	2803.77266	0	0
23.91	2803.77266	0	0
23.92	2803.77266	0	0
23.93	2803.77266	0	0
23.94	2803.77266	0	0
23.95	2803.77266	0	0
23.96	2803.77266	0	0
23.97	2803.77266	0	0
23.98	2803.77266	0	0
23.99	2803.77266	0	0
24	2803.77266	0	0
24.01	2803.77266	0	0
24.02	2803.77266	0	0
24.03	2803.77266	0	0
24.04	2803.77266	0	0
24.05	2803.77266	0	0
24.06	2803.77266	0	0
24.07	2803.77266	0	0
24.08	2803.77266	0	0
24.09	2803.77266	0	0
24.1	2803.77266	0	0
24.11	2803.77266	0	0
24.12	2803.77266	0	0
24.13	2803.77266	0	0
24.14	2803.77266	0	0
24.15	2803.77266	0	0
24.16	2803.77266	0	0
24.17	2803.77266	0	0
24.18	2803.77266	0	0
24.19	2803.77266	0	0
24.2	2803.77266	0	0
24.21	2803.77266	0	0
24.22	2803.77266	0	0
24.23	2803.77266	0	0
24.24	2803.77266	0	0
24.25	2803.77266	0	0
24.26	2803.77266	0	0
24.27	2803.77266	0	0
24.28	2803.77266	0	0
24.29	2803.77266	0	0
24.3	2803.77266	0	0
24.31	2803.77266	0	0
24.32	2803.77266	0	0
24.33	2803.77266	0	0
24.34	2803.77266	0	0
24.35	2803.77266	0	0
24.36	2803.77266	0	0
24.37	2803.77266	0	0
24.38	2803.77266	0	0
24.39	2803.77266	0	0
24.4	2803.77266	0	0
24.41	2803.77266	0	0
24.42	2803.77266	0	0
24.43	2803.77266	0	0
24.44	2803.77266	0	0
24.45	2803.77266	0	0
24.46	2803.77266	0	0
24.47	2803.77266	0	0
24.48	2803.77266	0	0
24.49	2803.77266	0	0
24.5	2803.77266	0	0
24.51	2803.77266	0	0
24.52	2803.77266	0	0
24.53	2803.77266	0	0
24.54	2803.77266	0	0
24.55	2803.77266	0	0
24.56	2803.77266	0	0
24.57	2803.77266	0	0
24.58	2803.77266	0	0
24.59	2803.77266	0	0
24.6	2803.77266	0	0
24.61	2803.77266	0	0
24.62	2803.77266	0	0
24.63	2803.77266	0	0
24.64	2803.77266	0	0
24.65	2803.77266	0	0
24.66	2803.77266	0	0
24.67	2803.77266	0	0
24.68	2803.77266	0	0
24.69	2803.77266	0	0
24.7	2803.77266	0	0
24.71	2803.77266	0	0
24.72	2803.77266	0	0
24.73	2803.77266	0	0
24.74	2803.77266	0	0
24.75	2803.77266	0	0
24.76	2803.77266	0	0
24.77	2803.77266	0	0
24.78	2803.77266	0	0
24.79	2803.77266	0	0
24.8	2803.77266	0	0
24.81	2803.77266	0	0
24.82	2803.77266	0	0
24.83	2803.77266	0	0
24.84	2803.77266	0	0
24.85	2803.77266	0	0
24.86	2803.77266	0	0
24.87	2803.77266	0	0
24.88	2803.77266	0	0
24.89	2803.77266	0	0
24.9	2803.77266	0	0
24.91	2803.77266	0	0
24.92	2803.77266	0	0
24.93	2803.77266	0	0
24.94	2803.77266	0	0
24.95	2803.77266	0	0
24.96	2803.77266	0	0
24.97	2803.77266	0	0
24.98	2803.77266	0	0
24.99	2803.77266	0	0
25	2803.77266	0	0
25.01	2803.77266	0	0
25.02	2803.77266	0	0
25.03	2803.77266	0	0
25.04	2803.77266	0	0
25.05	2803.77266	0	0
25.06	2803.77266	0	0
25.07	2803.77266	0	0
25.08	2803.77266	0	0
25.09	2803.77266	0	0
25.1	2803.77266	0	0
25.11	2803.77266	0	0
25.12	2803.77266	0	0
25.13	2803.77266	0	0
25.14	2803.77266	0	0
25.15	2803.77266	0	0
25.16	2803.77266	0	0
25.17	2803.77266	0	0
25.18	2803.77266	0	0
25.19	2803.77266	0	0
25.2	2803.77266	0	0
25.21	2803.77266	0	0
25.22	2803.77266	0	0
25.23	2803.77266	0	0
25.24	2803.77266	0	0
25.25	2803.77266	0	0
25.26	2803.77266	0	0
25.27	2803.77266	0	0
25.28	2803.77266	0	0
25.29	2803.77266	0	0
25.3	2803.77266	0	0
25.31	2803.77266	0	0
25.32	2803.77266	0	0
25.33	2803.77266	0	0
25.34	2803.77266	0	0
25.35	2803.77266	0	0
25.36	2803.77266	0	0
25.37	2803.77266	0	0
25.38	2803.77266	0	0
25.39	2803.77266	0	0
25.4	2803.77266	0	0
25.41	2803.77266	0	0
25.42	2803.77266	0	0
25.43	2803.77266	0	0
25.44	2803.77266	0	0
25.45	2803.77266	0	0
25.46	2803.77266	0	0
25.47	2803.77266	0	0
25.48	2803.77266	0	0
25.49	2803.77266	0	0
25.5	2803.77266	0	0
25.51	2803.77266	0	0
25.52	2803.77266	0	0
25.53	2803.77266	0	0
25.54	2803.77266	0	0
25.55	2803.77266	0	0
25.56	2803.77266	0	0
25.57	2803.77266	0	0
25.58	2803.77266	0	0
25.59	2803.77266	0	0
25.6	2803.77266	0	0
25.61	2803.77266	0	0
25.62	2803.77266	0	0
25.63	2803.77266	0	0
25.64	2803.77266	0	0
25.65	2803.77266	0	0
25.66	2803.77266	0	0
25.67	2803.77266	0	0
25.68	2803.77266	0	0
25.69	2803.77266	0	0
25.7	2803.77266	0	0
25.71	2803.77266	0	0
25.72	2803.77266	0	0
25.73	2803.77266	0	0
25.74	2803.77266	0	0
25.75	2803.77266	0	0
25.76	2803.77266	0	0
25.77	2803.77266	0	0
25.78	2803.77266	0	0
25.79	2803.77266	0	0
25.8	2803.77266	0	0
25.81	2803.77266	0	0
25.82	2803.77266	0	0
25.83	2803.77266	0	0
25.84	2803.77266	0	0
25.85	2803.77266	0	0
25.86	2803.77266	0	0
25.87	2803.77266	0	0
25.88	2803.77266	0	0
25.89	2803.77266	0	0
25.9	2803.77266	0	0
25.91	2803.77266	0	0
25.92	2803.77266	0	0
25.93	2803.77266	0	0
25.94	2803.77266	0	0
25.95	2803.77266	0	0
25.96	2803.77266	0	0
25.97	2803.77266	0	0
25.98	2803.77266	0	0
25.99	2803.77266	0	0
26	2803.77266	0	0
26.01	2803.77266	0	0
26.02	2803.77266	0	0
26.03	2803.77266	0	0
26.04	2803.77266	0	0
26.05	2803.77266	0	0
26.06	2803.77266	0	0
26.07	2803.77266	0	0
26.08	2803.77266	0	0
26.09	2803.77266	0	0
26.1	2803.77266	0	0
26.11	2803.77266	0	0
26.12	2803.77266	0	0
26.13	2803.77266	0	0
26.14	2803.77266	0	0
26.15	2803.77266	0	0
26.16	2803.77266	0	0
26.17	2803.77266	0	0
26.18	2803.77266	0	0
26.19	2803.77266	0	0
26.2	2803.77266	0	0
26.21	2803.77266	0	0
26.22	2803.77266	0	0
26.23	2803.77266	0	0
26.24	2803.77266	0	0
26.25	2803.77266	0	0
26.26	2803.77266	0	0
26.27	2803.77266	0	0
26.28	2803.77266	0	0
26.29	2803.77266	0	0
26.3	2803.77266	0	0
26.31	2803.77266	0	0
26.32	2803.77266	0	0
26.33	2803.77266	0	0
26.34	2803.77266	0	0
26.35	2803.77266	0	0
26.36	2803.77266	0	0
26.37	2803.77266	0	0
26.38	2803.77266	0	0
26.39	2803.77266	0	0
26.4	2803.77266	0	0
26.41	2803.77266	0	0
26.42	2803.77266	0	0
26.43	2803.77266	0	0
26.44	2803.77266	0	0
26.45	2803.77266	0	0
26.46	2803.77266	0	0
26.47	2803.77266	0	0
26.48	2803.77266	0	0
26.49	2803.77266	0	0
26.5	2803.77266	0	0
26.51	2803.77266	0	0
26.52	2803.77266	0	0
26.53	2803.77266	0	0
26.54	2803.77266	0	0
26.55	2803.77266	0	0
26.56	2803.77266	0	0
26.57	2803.77266	0	0
26.58	2803.77266	0	0
26.59	2803.77266	0	0
26.6	2803.77266	0	0
26.61	2803.77266	0	0
26.62	2803.77266	0	0
26.63	2803.77266	0	0
26.64	2803.77266	0	0
26.65	2803.77266	0	0
26.66	2803.77266	0	0
26.67	2803.77266	0	0
26.68	2803.77266	0	0
26.69	2803.77266	0	0
26.7	2803.77266	0	0
26.71	2803.77266	0	0
26.72	2803.77266	0	0
26.73	2803.77266	0	0
26.74	2803.77266	0	0
26.75	2803.77266	0	0
26.76	2803.77266	0	0
26.77	2803.77266	0	0
26.78	2803.77266	0	0
26.79	2803.77266	0	0
26.8	2803.77266	0	0
26.81	2803.77266	0	0
26.82	2803.77266	0	0
26.83	2803.77266	0	0
26.84	2803.77266	0	0
26.85	2803.77266	0	0
26.86	2803.77266	0	0
26.87	2803.77266	0	0
26.88	2803.77266	0	0
26.89	2803.77266	0	0
26.9	2803.77266	0	0
26.91	2803.77266	0	0
26.92	2803.77266	0	0
26.93	2803.77266	0	0
26.94	2803.77266	0	0
26.95	2803.77266	0	0
26.96	2803.77266	0	0
26.97	2803.77266	0	0
26.98	2803.77266	0	0
26.99	2803.77266	0	0
27	2803.77266	0	0
27.01	2803.77266	0	0
27.02	2803.77266	0	0
27.03	2803.77266	0	0
27.04	2803.77266	0	0
27.05	2803.77266	0	0
27.06	2803.77266	0	0
27.07	2803.77266	0	0
27.08	2803.77266	0	0
27.09	2803.77266	0	0
27.1	2803.77266	0	0
27.11	2803.77266	0	0
27.12	2803.77266	0	0
27.13	2803.77266	0	0
27.14	2803.77266	0	0
27.15	2803.77266	0	0
27.16	2803.77266	0	0
27.17	2803.77266	0	0
27.18	2803.77266	0	0
27.19	2803.77266	0	0
27.2	2803.77266	0	0
27.21	2803.77266	0	0
27.22	2803.77266	0	0
27.23	2803.77266	0	0
27.24	2803.77266	0	0
27.25	2803.77266	0	0
27.26	2803.77266	0	0
27.27	2803.77266	0	0
27.28	2803.77266	0	0
27.29	2803.77266	0	0
27.3	2803.77266	0	0
27.31	2803.77266	0	0
27.32	2803.77266	0	0
27.33	2803.77266	0	0
27.34	2803.77266	0	0
27.35	2803.77266	0	0
27.36	2803.77266	0	0
27.37	2803.77266	0	0
27.38	2803.77266	0	0
27.39	2803.77266	0	0
27.4	2803.77266	0	0
27.41	2803.77266	0	0
27.42	2803.77266	0	0
27.43	2803.77266	0	0
27.44	2803.77266	0	0
27.45	2803.77266	0	0
27.46	2803.77266	0	0
27.47	2803.77266	0	0
27.48	2803.77266	0	0
27.49	2803.77266	0	0
27.5	2803.77266	0	0
27.51	2803.77266	0	0
27.52	2803.77266	0	0
27.53	2803.77266	0	0
27.54	2803.77266	0	0
27.55	2803.77266	0	0
27.56	2803.77266	0	0
27.57	2803.77266	0	0
27.58	2803.77266	0	0
27.59	2803.77266	0	0
27.6	2803.77266	0	0
27.61	2803.77266	0	0
27.62	2803.77266	0	0
27.63	2803.77266	0	0
27.64	2803.77266	0	0
27.65	2803.77266	0	0
27.66	2803.77266	0	0
27.67	2803.77266	0	0
27.68	2803.77266	0	0
27.69	2803.77266	0	0
27.7	2803.77266	0	0
27.71	2803.77266	0	0
27.72	2803.77266	0	0
27.73	2803.77266	0	0
27.74	2803.77266	0	0
27.75	2803.77266	0	0
27.76	2803.77266	0	0
27.77	2803.77266	0	0
27.78	2803.77266	0	0
27.79	2803.77266	0	0
27.8	2803.77266	0	0
27.81	2803.77266	0	0
27.82	2803.77266	0	0
27.83	2803.77266	0	0
27.84	2803.77266	0	0
27.85	2803.77266	0	0
27.86	2803.77266	0	0
27.87	2803.77266	0	0
27.88	2803.77266	0	0
27.89	2803.77266	0	0
27.9	2803.77266	0	0
27.91	2803.77266	0	0
27.92	2803.77266	0	0
27.93	2803.77266	0	0
27.94	2803.77266	0	0
27.95	2803.77266	0	0
27.96	2803.77266	0	0
27.97	2803.77266	0	0
27.98	2803.77266	0	0
27.99	2803.77266	0	0
28	2803.77266	0	0
28.01	2803.77266	0	0
28.02	2803.77266	0	0
28.03	2803.77266	0	0
28.04	2803.77266	0	0
28.05	2803.77266	0	0
28.06	2803.77266	0	0
28.07	2803.77266	0	0
28.08	2803.77266	0	0
28.09	2803.77266	0	0
28.1	2803.77266	0	0
28.11	2803.77266	0	0
28.12	2803.77266	0	0
28.13	2803.77266	0	0
28.14	2803.77266	0	0
28.15	2803.77266	0	0
28.16	2803.77266	0	0
28.17	2803.77266	0	0
28.18	2803.77266	0	0
28.19	2803.77266	0	0
28.2	2803.77266	0	0
28.21	2803.77266	0	0
28.22	2803.77266	0	0
28.23	2803.77266	0	0
28.24	2803.77266	0	0
28.25	2803.77266	0	0
28.26	2803.77266	0	0
28.27	2803.77266	0	0
28.28	2803.77266	0	0
28.29	2803.77266	0	0
28.3	2803.77266	0	0
28.31	2803.77266	0	0
28.32	2803.77266	0	0
28.33	2803.77266	0	0
28.34	2803.77266	0	0
28.35	2803.77266	0	0
28.36	2803.77266	0	0
28.37	2803.77266	0	0
28.38	2803.77266	0	0
28.39	2803.77266	0	0
28.4	2803.77266	0	0
28.41	2803.77266	0	0
28.42	2803.77266	0	0
28.43	2803.77266	0	0
28.44	2803.77266	0	0
28.45	2803.77266	0	0
28.46	2803.77266	0	0
28.47	2803.77266	0	0
28.48	2803.77266	0	0
28.49	2803.77266	0	0
28.5	2803.77266	0	0
28.51	2803.77266	0	0
28.52	2803.77266	0	0
28.53	2803.77266	0	0
28.54	2803.77266	0	0
28.55	2803.77266	0	0
28.56	2803.77266	0	0
28.57	2803.77266	0	0
28.58	2803.77266	0	0
28.59	2803.77266	0	0
28.6	2803.77266	0	0
28.61	2803.77266	0	0
28.62	2803.77266	0	0
28.63	2803.77266	0	0
28.64	2803.77266	0	0
28.65	2803.77266	0	0
28.66	2803.77266	0	0
28.67	2803.77266	0	0
28.68	2803.77266	0	0
28.69	2803.77266	0	0
28.7	2803.77266	0	0
28.71	2803.77266	0	0
28.72	2803.77266	0	0
28.73	2803.77266	0	0
28.74	2803.77266	0	0
28.75	2803.77266	0	0
28.76	2803.77266	0	0
28.77	2803.77266	0	0
28.78	2803.77266	0	0
28.79	2803.77266	0	0
28.8	2803.77266	0	0
28.81	2803.77266	0	0
28.82	2803.77266	0	0
28.83	2803.77266	0	0
28.84	2803.77266	0	0
28.85	2803.77266	0	0
28.86	2803.77266	0	0
28.87	2803.77266	0	0
28.88	2803.77266	0	0
28.89	2803.77266	0	0
28.9	2803.77266	0	0
28.91	2803.77266	0	0
28.92	2803.77266	0	0
28.93	2803.77266	0	0
28.94	2803.77266	0	0
28.95	2803.77266	0	0
28.96	2803.77266	0	0
28.97	2803.77266	0	0
28.98	2803.77266	0	0
28.99	2803.77266	0	0
29	2803.77266	0	0
29.01	2803.77266	0	0
29.02	2803.77266	0	0
29.03	2803.77266	0	0
29.04	2803.77266	0	0
29.05	2803.77266	0	0
29.06	2803.77266	0	0
29.07	2803.77266	0	0
29.08	2803.77266	0	0
29.09	2803.77266	0	0
29.1	2803.77266	0	0
29.11	2803.77266	0	0
29.12	2803.77266	0	0
29.13	2803.77266	0	0
29.14	2803.77266	0	0
29.15	2803.77266	0	0
29.16	2803.77266	0	0
29.17	2803.77266	0	0
29.18	2803.77266	0	0
29.19	2803.77266	0	0
29.2	2803.77266	0	0
29.21	2803.77266	0	0
29.22	2803.77266	0	0
29.23	2803.77266	0	0
29.24	2803.77266	0	0
29.25	2803.77266	0	0
29.26	2803.77266	0	0
29.27	2803.77266	0	0
29.28	2803.77266	0	0
29.29	2803.77266	0	0
29.3	2803.77266	0	0
29.31	2803.77266	0	0
29.32	2803.77266	0	0
29.33	2803.77266	0	0
29.34	2803.77266	0	0
29.35	2803.77266	0	0
29.36	2803.77266	0	0
29.37	2803.77266	0	0
29.38	2803.77266	0	0
29.39	2803.77266	0	0
29.4	2803.77266	0	0
29.41	2803.77266	0	0
29.42	2803.77266	0	0
29.43	2803.77266	0	0
29.44	2803.77266	0	0
29.45	2803.77266	0	0
29.46	2803.77266	0	0
29.47	2803.77266	0	0
29.48	2803.77266	0	0
29.49	2803.77266	0	0
29.5	2803.77266	0	0
29.51	2803.77266	0	0
29.52	2803.77266	0	0
29.53	2803.77266	0	0
29.54	2803.77266	0	0
29.55	2803.77266	0	0
29.56	2803.77266	0	0
29.57	2803.77266	0	0
29.58	2803.77266	0	0
29.59	2803.77266	0	0
29.6	2803.77266	0	0
29.61	2803.77266	0	0
29.62	2803.77266	0	0
29.63	2803.77266	0	0
29.64	2803.77266	0	0
29.65	2803.77266	0	0
29.66	2803.77266	0	0
29.67	2803.77266	0	0
29.68	2803.77266	0	0
29.69	2803.77266	0	0
29.7	2803.77266	0	0
29.71	2803.77266	0	0
29.72	2803.77266	0	0
29.73	2803.77266	0	0
29.74	2803.77266	0	0
29.75	2803.77266	0	0
29.76	2803.77266	0	0
29.77	2803.77266	0	0
29.78	2803.77266	0	0
29.79	2803.77266	0	0
29.8	2803.77266	0	0
29.81	2803.77266	0	0
29.82	2803.77266	0	0
29.83	2803.77266	0	0
29.84	2803.77266	0	0
29.85	2803.77266	0	0
29.86	2803.77266	0	0
29.87	2803.77266	0	0
29.88	2803.77266	0	0
29.89	2803.77266	0	0
29.9	2803.77266	0	0
29.91	2803.77266	0	0
29.92	2803.77266	0	0
29.93	2803.77266	0	0
29.94	2803.77266	0	0
29.95	2803.77266	0	0
29.96	2803.77266	0	0
29.97	2803.77266	0	0
29.98	2803.77266	0	0
29.99	2803.77266	0	0
30	2803.77266	0	0
30.01	2803.77266	0	0
30.02	2803.77266	0	0
30.03	2803.77266	0	0
30.04	2803.77266	0	0
30.05	2803.77266	0	0
30.06	2803.77266	0	0
30.07	2803.77266	0	0
30.08	2803.77266	0	0
30.09	2803.77266	0	0
30.1	2803.77266	0	0
30.11	2803.77266	0	0
30.12	2803.77266	0	0
30.13	2803.77266	0	0
30.14	2803.77266	0	0
30.15	2803.77266	0	0
30.16	2803.77266	0	0
30.17	2803.77266	0	0
30.18	2803.77266	0	0
30.19	2803.77266	0	0
30.2	2803.77266	0	0
30.21	2803.77266	0	0
30.22	2803.77266	0	0
30.23	2803.77266	0	0
30.24	2803.77266	0	0
30.25	2803.77266	0	0
30.26	2803.77266	0	0
30.27	2803.77266	0	0
30.28	2803.77266	0	0
30.29	2803.77266	0	0
30.3	2803.77266	0	0
30.31	2803.77266	0	0
30.32	2803.77266	0	0
30.33	2803.77266	0	0
30.34	2803.77266	0	0
30.35	2803.77266	0	0
30.36	2803.77266	0	0
30.37	2803.77266	0	0
30.38	2803.77266	0	0
30.39	2803.77266	0	0
30.4	2803.77266	0	0
30.41	2803.77266	0	0
30.42	2803.77266	0	0
30.43	2803.77266	0	0
30.44	2803.77266	0	0
30.45	2803.77266	0	0
30.46	2803.77266	0	0
30.47	2803.77266	0	0
30.48	2803.77266	0	0
30.49	2803.77266	0	0
30.5	2803.77266	0	0
30.51	2803.77266	0	0
30.52	2803.77266	0	0
30.53	2803.77266	0	0
30.54	2803.77266	0	0
30.55	2803.77266	0	0
30.56	2803.77266	0	0
30.57	2803.77266	0	0
30.58	2803.77266	0	0
30.59	2803.77266	0	0
30.6	2803.77266	0	0
30.61	2803.77266	0	0
30.62	2803.77266	0	0
30.63	2803.77266	0	0
30.64	2803.77266	0	0
30.65	2803.77266	0	0
30.66	2803.77266	0	0
30.67	2803.77266	0	0
30.68	2803.77266	0	0
30.69	2803.77266	0	0
30.7	2803.77266	0	0
30.71	2803.77266	0	0
30.72	2803.77266	0	0
30.73	2803.77266	0	0
30.74	2803.77266	0	0
30.75	2803.77266	0	0
30.76	2803.77266	0	0
30.77	2803.77266	0	0
30.78	2803.77266	0	0
30.79	2803.77266	0	0
30.8	2803.77266	0	0
30.81	2803.77266	0	0
30.82	2803.77266	0	0
30.83	2803.77266	0	0
30.84	2803.77266	0	0
30.85	2803.77266	0	0
30.86	2803.77266	0	0
30.87	2803.77266	0	0
30.88	2803.77266	0	0
30.89	2803.77266	0	0
30.9	2803.77266	0	0
30.91	2803.77266	0	0
30.92	2803.77266	0	0
30.93	2803.77266	0	0
30.94	2803.77266	0	0
30.95	2803.77266	0	0
30.96	2803.77266	0	0
30.97	2803.77266	0	0
30.98	2803.77266	0	0
30.99	2803.77266	0	0
31	2803.77266	0	0
31.01	2803.77266	0	0
31.02	2803.77266	0	0
31.03	2803.77266	0	0
31.04	2803.77266	0	0
31.05	2803.77266	0	0
31.06	2803.77266	0	0
31.07	2803.77266	0	0
31.08	2803.77266	0	0
31.09	2803.77266	0	0
31.1	2803.77266	0	0
31.11	2803.77266	0	0
31.12	2803.77266	0	0
31.13	2803.77266	0	0
31.14	2803.77266	0	0
31.15	2803.77266	0	0
31.16	2803.77266	0	0
31.17	2803.77266	0	0
31.18	2803.77266	0	0
31.19	2803.77266	0	0
31.2	2803.77266	0	0
31.21	2803.77266	0	0
31.22	2803.77266	0	0
31.23	2803.77266	0	0
31.24	2803.77266	0	0
31.25	2803.77266	0	0
31.26	2803.77266	0	0
31.27	2803.77266	0	0
31.28	2803.77266	0	0
31.29	2803.77266	0	0
31.3	2803.77266	0	0
31.31	2803.77266	0	0
31.32	2803.77266	0	0
31.33	2803.77266	0	0
31.34	2803.77266	0	0
31.35	2803.77266	0	0
31.36	2803.77266	0	0
31.37	2803.77266	0	0
31.38	2803.77266	0	0
31.39	2803.77266	0	0
31.4	2803.77266	0	0
31.41	2803.77266	0	0
31.42	2803.77266	0	0
31.43	2803.77266	0	0
31.44	2803.77266	0	0
31.45	2803.77266	0	0
31.46	2803.77266	0	0
31.47	2803.77266	0	0
31.48	2803.77266	0	0
31.49	2803.77266	0	0
31.5	2803.77266	0	0
31.51	2803.77266	0	0
31.52	2803.77266	0	0
31.53	2803.77266	0	0
31.54	2803.77266	0	0
31.55	2803.77266	0	0
31.56	2803.77266	0	0
31.57	2803.77266	0	0
31.58	2803.77266	0	0
31.59	2803.77266	0	0
31.6	2803.77266	0	0
31.61	2803.77266	0	0
31.62	2803.77266	0	0
31.63	2803.77266	0	0
31.64	2803.77266	0	0
31.65	2803.77266	0	0
31.66	2803.77266	0	0
31.67	2803.77266	0	0
31.68	2803.77266	0	0
31.69	2803.77266	0	0
31.7	2803.77266	0	0
31.71	2803.77266	0	0
31.72	2803.77266	0	0
31.73	2803.77266	0	0
31.74	2803.77266	0	0
31.75	2803.77266	0	0
31.76	2803.77266	0	0
31.77	2803.77266	0	0
31.78	2803.77266	0	0
31.79	2803.77266	0	0
31.8	2803.77266	0	0
31.81	2803.77266	0	0
31.82	2803.77266	0	0
31.83	2803.77266	0	0
31.84	2803.77266	0	0
31.85	2803.77266	0	0
31.86	2803.77266	0	0
31.87	2803.77266	0	0
31.88	2803.77266	0	0
31.89	2803.77266	0	0
31.9	2803.77266	0	0
31.91	2803.77266	0	0
31.92	2803.77266	0	0
31.93	2803.77266	0	0
31.94	2803.77266	0	0
31.95	2803.77266	0	0
31.96	2803.77266	0	0
31.97	2803.77266	0	0
31.98	2803.77266	0	0
31.99	2803.77266	0	0
32	2803.77266	0	0
32.01	2803.77266	0	0
32.02	2803.77266	0	0
32.03	2803.77266	0	0
32.04	2803.77266	0	0
32.05	2803.77266	0	0
32.06	2803.77266	0	0
32.07	2803.77266	0	0
32.08	2803.77266	0	0
32.09	2803.77266	0	0
32.1	2803.77266	0	0
32.11	2803.77266	0	0
32.12	2803.77266	0	0
32.13	2803.77266	0	0
32.14	2803.77266	0	0
32.15	2803.77266	0	0
32.16	2803.77266	0	0
32.17	2803.77266	0	0
32.18	2803.77266	0	0
32.19	2803.77266	0	0
32.2	2803.77266	0	0
32.21	2803.77266	0	0
32.22	2803.77266	0	0
32.23	2803.77266	0	0
32.24	2803.77266	0	0
32.25	2803.77266	0	0
32.26	2803.77266	0	0
32.27	2803.77266	0	0
32.28	2803.77266	0	0
32.29	2803.77266	0	0
32.3	2803.77266	0	0
32.31	2803.77266	0	0
32.32	2803.77266	0	0
32.33	2803.77266	0	0
32.34	2803.77266	0	0
32.35	2803.77266	0	0
32.36	2803.77266	0	0
32.37	2803.77266	0	0
32.38	2803.77266	0	0
32.39	2803.77266	0	0
32.4	2803.77266	0	0
32.41	2803.77266	0	0
32.42	2803.77266	0	0
32.43	2803.77266	0	0
32.44	2803.77266	0	0
32.45	2803.77266	0	0
32.46	2803.77266	0	0
32.47	2803.77266	0	0
32.48	2803.77266	0	0
32.49	2803.77266	0	0
32.5	2803.77266	0	0
32.51	2803.77266	0	0
32.52	2803.77266	0	0
32.53	2803.77266	0	0
32.54	2803.77266	0	0
32.55	2803.77266	0	0
32.56	2803.77266	0	0
32.57	2803.77266	0	0
32.58	2803.77266	0	0
32.59	2803.77266	0	0
32.6	2803.77266	0	0
32.61	2803.77266	0	0
32.62	2803.77266	0	0
32.63	2803.77266	0	0
32.64	2803.77266	0	0
32.65	2803.77266	0	0
32.66	2803.77266	0	0
32.67	2803.77266	0	0
32.68	2803.77266	0	0
32.69	2803.77266	0	0
32.7	2803.77266	0	0
32.71	2803.77266	0	0
32.72	2803.77266	0	0
32.73	2803.77266	0	0
32.74	2803.77266	0	0
32.75	2803.77266	0	0
32.76	2803.77266	0	0
32.77	2803.77266	0	0
32.78	2803.77266	0	0
32.79	2803.77266	0	0
32.8	2803.77266	0	0
32.81	2803.77266	0	0
32.82	2803.77266	0	0
32.83	2803.77266	0	0
32.84	2803.77266	0	0
32.85	2803.77266	0	0
32.86	2803.77266	0	0
32.87	2803.77266	0	0
32.88	2803.77266	0	0
32.89	2803.77266	0	0
32.9	2803.77266	0	0
32.91	2803.77266	0	0
32.92	2803.77266	0	0
32.93	2803.77266	0	0
32.94	2803.77266	0	0
32.95	2803.77266	0	0
32.96	2803.77266	0	0
32.97	2803.77266	0	0
32.98	2803.77266	0	0
32.99	2803.77266	0	0
33	2803.77266	0	0
33.01	2803.77266	0	0
33.02	2803.77266	0	0
33.03	2803.77266	0	0
33.04	2803.77266	0	0
33.05	2803.77266	0	0
33.06	2803.77266	0	0
33.07	2803.77266	0	0
33.08	2803.77266	0	0
33.09	2803.77266	0	0
33.1	2803.77266	0	0
33.11	2803.77266	0	0
33.12	2803.77266	0	0
33.13	2803.77266	0	0
33.14	2803.77266	0	0
33.15	2803.77266	0	0
33.16	2803.77266	0	0
33.17	2803.77266	0	0
33.18	2803.77266	0	0
33.19	2803.77266	0	0
33.2	2803.77266	0	0
33.21	2803.77266	0	0
33.22	2803.77266	0	0
33.23	2803.77266	0	0
33.24	2803.77266	0	0
33.25	2803.77266	0	0
33.26	2803.77266	0	0
33.27	2803.77266	0	0
33.28	2803.77266	0	0
33.29	2803.77266	0	0
33.3	2803.77266	0	0
33.31	2803.77266	0	0
33.32	2803.77266	0	0
33.33	2803.77266	0	0
33.34	2803.77266	0	0
33.35	2803.77266	0	0
33.36	2803.77266	0	0
33.37	2803.77266	0	0
33.38	2803.77266	0	0
33.39	2803.77266	0	0
33.4	2803.77266	0	0
33.41	2803.77266	0	0
33.42	2803.77266	0	0
33.43	2803.77266	0	0
33.44	2803.77266	0	0
33.45	2803.77266	0	0
33.46	2803.77266	0	0
33.47	2803.77266	0	0
33.48	2803.77266	0	0
33.49	2803.77266	0	0
33.5	2803.77266	0	0
33.51	2803.77266	0	0
33.52	2803.77266	0	0
33.53	2803.77266	0	0
33.54	2803.77266	0	0
33.55	2803.77266	0	0
33.56	2803.77266	0	0
33.57	2803.77266	0	0
33.58	2803.77266	0	0
33.59	2803.77266	0	0
33.6	2803.77266	0	0
33.61	2803.77266	0	0
33.62	2803.77266	0	0
33.63	2803.77266	0	0
33.64	2803.77266	0	0
33.65	2803.77266	0	0
33.66	2803.77266	0	0
33.67	2803.77266	0	0
33.68	2803.77266	0	0
33.69	2803.77266	0	0
33.7	2803.77266	0	0
33.71	2803.77266	0	0
33.72	2803.77266	0	0
33.73	2803.77266	0	0
33.74	2803.77266	0	0
33.75	2803.77266	0	0
33.76	2803.77266	0	0
33.77	2803.77266	0	0
33.78	2803.77266	0	0
33.79	2803.77266	0	0
33.8	2803.77266	0	0
33.81	2803.77266	0	0
33.82	2803.77266	0	0
33.83	2803.77266	0	0
33.84	2803.77266	0	0
33.85	2803.77266	0	0
33.86	2803.77266	0	0
33.87	2803.77266	0	0
33.88	2803.77266	0	0
33.89	2803.77266	0	0
33.9	2803.77266	0	0
33.91	2803.77266	0	0
33.92	2803.77266	0	0
33.93	2803.77266	0	0
33.94	2803.77266	0	0
33.95	2803.77266	0	0
33.96	2803.77266	0	0
33.97	2803.77266	0	0
33.98	2803.77266	0	0
33.99	2803.77266	0	0
34	2803.77266	0	0
34.01	2803.77266	0	0
34.02	2803.77266	0	0
34.03	2803.77266	0	0
34.04	2803.77266	0	0
34.05	2803.77266	0	0
34.06	2803.77266	0	0
34.07	2803.77266	0	0
34.08	2803.77266	0	0
34.09	2803.77266	0	0
34.1	2803.77266	0	0
34.11	2803.77266	0	0
34.12	2803.77266	0	0
34.13	2803.77266	0	0
34.14	2803.77266	0	0
34.15	2803.77266	0	0
34.16	2803.77266	0	0
34.17	2803.77266	0	0
34.18	2803.77266	0	0
34.19	2803.77266	0	0
34.2	2803.77266	0	0
34.21	2803.77266	0	0
34.22	2803.77266	0	0
34.23	2803.77266	0	0
34.24	2803.77266	0	0
34.25	2803.77266	0	0
34.26	2803.77266	0	0
34.27	2803.77266	0	0
34.28	2803.77266	0	0
34.29	2803.77266	0	0
34.3	2803.77266	0	0
34.31	2803.77266	0	0
34.32	2803.77266	0	0
34.33	2803.77266	0	0
34.34	2803.77266	0	0
34.35	2803.77266	0	0
34.36	2803.77266	0	0
34.37	2803.77266	0	0
34.38	2803.77266	0	0
34.39	2803.77266	0	0
34.4	2803.77266	0	0
34.41	2803.77266	0	0
34.42	2803.77266	0	0
34.43	2803.77266	0	0
34.44	2803.77266	0	0
34.45	2803.77266	0	0
34.46	2803.77266	0	0
34.47	2803.77266	0	0
34.48	2803.77266	0	0
34.49	2803.77266	0	0
34.5	2803.77266	0	0
34.51	2803.77266	0	0
34.52	2803.77266	0	0
34.53	2803.77266	0	0
34.54	2803.77266	0	0
34.55	2803.77266	0	0
34.56	2803.77266	0	0
34.57	2803.77266	0	0
34.58	2803.77266	0	0
34.59	2803.77266	0	0
34.6	2803.77266	0	0
34.61	2803.77266	0	0
34.62	2803.77266	0	0
34.63	2803.77266	0	0
34.64	2803.77266	0	0
34.65	2803.77266	0	0
34.66	2803.77266	0	0
34.67	2803.77266	0	0
34.68	2803.77266	0	0
34.69	2803.77266	0	0
34.7	2803.77266	0	0
34.71	2803.77266	0	0
34.72	2803.77266	0	0
34.73	2803.77266	0	0
34.74	2803.77266	0	0
34.75	2803.77266	0	0
34.76	2803.77266	0	0
34.77	2803.77266	0	0
34.78	2803.77266	0	0
34.79	2803.77266	0	0
34.8	2803.77266	0	0
34.81	2803.77266	0	0
34.82	2803.77266	0	0
34.83	2803.77266	0	0
34.84	2803.77266	0	0
34.85	2803.77266	0	0
34.86	2803.77266	0	0
34.87	2803.77266	0	0
34.88	2803.77266	0	0
34.89	2803.77266	0	0
34.9	2803.77266	0	0
34.91	2803.77266	0	0
34.92	2803.77266	0	0
34.93	2803.77266	0	0
34.94	2803.77266	0	0
34.95	2803.77266	0	0
34.96	2803.77266	0	0
34.97	2803.77266	0	0
34.98	2803.77266	0	0
34.99	2803.77266	0	0
35	2803.77266	0	0
35.01	2803.77266	0	0
35.02	2803.77266	0	0
35.03	2803.77266	0	0
35.04	2803.77266	0	0
35.05	2803.77266	0	0
35.06	2803.77266	0	0
35.07	2803.77266	0	0
35.08	2803.77266	0	0
35.09	2803.77266	0	0
35.1	2803.77266	0	0
35.11	2803.77266	0	0
35.12	2803.77266	0	0
35.13	2803.77266	0	0
35.14	2803.77266	0	0
35.15	2803.77266	0	0
35.16	2803.77266	0	0
35.17	2803.77266	0	0
35.18	2803.77266	0	0
35.19	2803.77266	0	0
35.2	2803.77266	0	0
35.21	2803.77266	0	0
35.22	2803.77266	0	0
35.23	2803.77266	0	0
35.24	2803.77266	0	0
35.25	2803.77266	0	0
35.26	2803.77266	0	0
35.27	2803.77266	0	0
35.28	2803.77266	0	0
35.29	2803.77266	0	0
35.3	2803.77266	0	0
35.31	2803.77266	0	0
35.32	2803.77266	0	0
35.33	2803.77266	0	0
35.34	2803.77266	0	0
35.35	2803.77266	0	0
35.36	2803.77266	0	0
35.37	2803.77266	0	0
35.38	2803.77266	0	0
35.39	2803.77266	0	0
35.4	2803.77266	0	0
35.41	2803.77266	0	0
35.42	2803.77266	0	0
35.43	2803.77266	0	0
35.44	2803.77266	0	0
35.45	2803.77266	0	0
35.46	2803.77266	0	0
35.47	2803.77266	0	0
35.48	2803.77266	0	0
35.49	2803.77266	0	0
35.5	2803.77266	0	0
35.51	2803.77266	0	0
35.52	2803.77266	0	0
35.53	2803.77266	0	0
35.54	2803.77266	0	0
35.55	2803.77266	0	0
35.56	2803.77266	0	0
35.57	2803.77266	0	0
35.58	2803.77266	0	0
35.59	2803.77266	0	0
35.6	2803.77266	0	0
35.61	2803.77266	0	0
35.62	2803.77266	0	0
35.63	2803.77266	0	0
35.64	2803.77266	0	0
35.65	2803.77266	0	0
35.66	2803.77266	0	0
35.67	2803.77266	0	0
35.68	2803.77266	0	0
35.69	2803.77266	0	0
35.7	2803.77266	0	0
35.71	2803.77266	0	0
35.72	2803.77266	0	0
35.73	2803.77266	0	0
35.74	2803.77266	0	0
35.75	2803.77266	0	0
35.76	2803.77266	0	0
35.77	2803.77266	0	0
35.78	2803.77266	0	0
35.79	2803.77266	0	0
35.8	2803.77266	0	0
35.81	2803.77266	0	0
35.82	2803.77266	0	0
35.83	2803.77266	0	0
35.84	2803.77266	0	0
35.85	2803.77266	0	0
35.86	2803.77266	0	0
35.87	2803.77266	0	0
35.88	2803.77266	0	0
35.89	2803.77266	0	0
35.9	2803.77266	0	0
35.91	2803.77266	0	0
35.92	2803.77266	0	0
35.93	2803.77266	0	0
35.94	2803.77266	0	0
35.95	2803.77266	0	0
35.96	2803.77266	0	0
35.97	2803.77266	0	0
35.98	2803.77266	0	0
35.99	2803.77266	0	0
36	2803.77266	0	0
36.01	2803.77266	0	0
36.02	2803.77266	0	0
36.03	2803.77266	0	0
36.04	2803.77266	0	0
36.05	2803.77266	0	0
36.06	2803.77266	0	0
36.07	2803.77266	0	0
36.08	2803.77266	0	0
36.09	2803.77266	0	0
36.1	2803.77266	0	0
36.11	2803.77266	0	0
36.12	2803.77266	0	0
36.13	2803.77266	0	0
36.14	2803.77266	0	0
36.15	2803.77266	0	0
36.16	2803.77266	0	0
36.17	2803.77266	0	0
36.18	2803.77266	0	0
36.19	2803.77266	0	0
36.2	2803.77266	0	0
36.21	2803.77266	0	0
36.22	2803.77266	0	0
36.23	2803.77266	0	0
36.24	2803.77266	0	0
36.25	2803.77266	0	0
36.26	2803.77266	0	0
36.27	2803.77266	0	0
36.28	2803.77266	0	0
36.29	2803.77266	0	0
36.3	2803.77266	0	0
36.31	2803.77266	0	0
36.32	2803.77266	0	0
36.33	2803.77266	0	0
36.34	2803.77266	0	0
36.35	2803.77266	0	0
36.36	2803.77266	0	0
36.37	2803.77266	0	0
36.38	2803.77266	0	0
36.39	2803.77266	0	0
36.4	2803.77266	0	0
36.41	2803.77266	0	0
36.42	2803.77266	0	0
36.43	2803.77266	0	0
36.44	2803.77266	0	0
36.45	2803.77266	0	0
36.46	2803.77266	0	0
36.47	2803.77266	0	0
36.48	2803.77266	0	0
36.49	2803.77266	0	0
36.5	2803.77266	0	0
36.51	2803.77266	0	0
36.52	2803.77266	0	0
36.53	2803.77266	0	0
36.54	2803.77266	0	0
36.55	2803.77266	0	0
36.56	2803.77266	0	0
36.57	2803.77266	0	0
36.58	2803.77266	0	0
36.59	2803.77266	0	0
36.6	2803.77266	0	0
36.61	2803.77266	0	0
36.62	2803.77266	0	0
36.63	2803.77266	0	0
36.64	2803.77266	0	0
36.65	2803.77266	0	0
36.66	2803.77266	0	0
36.67	2803.77266	0	0
36.68	2803.77266	0	0
36.69	2803.77266	0	0
36.7	2803.77266	0	0
36.71	2803.77266	0	0
36.72	2803.77266	0	0
36.73	2803.77266	0	0
36.74	2803.77266	0	0
36.75	2803.77266	0	0
36.76	2803.77266	0	0
36.77	2803.77266	0	0
36.78	2803.77266	0	0
36.79	2803.77266	0	0
36.8	2803.77266	0	0
36.81	2803.77266	0	0
36.82	2803.77266	0	0
36.83	2803.77266	0	0
36.84	2803.77266	0	0
36.85	2803.77266	0	0
36.86	2803.77266	0	0
36.87	2803.77266	0	0
36.88	2803.77266	0	0
36.89	2803.77266	0	0
36.9	2803.77266	0	0
36.91	2803.77266	0	0
36.92	2803.77266	0	0
36.93	2803.77266	0	0
36.94	2803.77266	0	0
36.95	2803.77266	0	0
36.96	2803.77266	0	0
36.97	2803.77266	0	0
36.98	2803.77266	0	0
36.99	2803.77266	0	0
37	2803.77266	0	0
37.01	2803.77266	0	0
37.02	2803.77266	0	0
37.03	2803.77266	0	0
37.04	2803.77266	0	0
37.05	2803.77266	0	0
37.06	2803.77266	0	0
37.07	2803.77266	0	0
37.08	2803.77266	0	0
37.09	2803.77266	0	0
37.1	2803.77266	0	0
37.11	2803.77266	0	0
37.12	2803.77266	0	0
37.13	2803.77266	0	0
37.14	2803.77266	0	0
37.15	2803.77266	0	0
37.16	2803.77266	0	0
37.17	2803.77266	0	0
37.18	2803.77266	0	0
37.19	2803.77266	0	0
37.2	2803.77266	0	0
37.21	2803.77266	0	0
37.22	2803.77266	0	0
37.23	2803.77266	0	0
37.24	2803.77266	0	0
37.25	2803.77266	0	0
37.26	2803.77266	0	0
37.27	2803.77266	0	0
37.28	2803.77266	0	0
37.29	2803.77266	0	0
37.3	2803.77266	0	0
37.31	2803.77266	0	0
37.32	2803.77266	0	0
37.33	2803.77266	0	0
37.34	2803.77266	0	0
37.35	2803.77266	0	0
37.36	2803.77266	0	0
37.37	2803.77266	0	0
37.38	2803.77266	0	0
37.39	2803.77266	0	0
37.4	2803.77266	0	0
37.41	2803.77266	0	0
37.42	2803.77266	0	0
37.43	2803.77266	0	0
37.44	2803.77266	0	0
37.45	2803.77266	0	0
37.46	2803.77266	0	0
37.47	2803.77266	0	0
37.48	2803.77266	0	0
37.49	2803.77266	0	0
37.5	2803.77266	0	0
37.51	2803.77266	0	0
37.52	2803.77266	0	0
37.53	2803.77266	0	0
37.54	2803.77266	0	0
37.55	2803.77266	0	0
37.56	2803.77266	0	0
37.57	2803.77266	0	0
37.58	2803.77266	0	0
37.59	2803.77266	0	0
37.6	2803.77266	0	0
37.61	2803.77266	0	0
37.62	2803.77266	0	0
37.63	2803.77266	0	0
37.64	2803.77266	0	0
37.65	2803.77266	0	0
37.66	2803.77266	0	0
37.67	2803.77266	0	0
37.68	2803.77266	0	0
37.69	2803.77266	0	0
37.7	2803.77266	0	0
37.71	2803.77266	0	0
37.72	2803.77266	0	0
37.73	2803.77266	0	0
37.74	2803.77266	0	0
37.75	2803.77266	0	0
37.76	2803.77266	0	0
37.77	2803.77266	0	0
37.78	2803.77266	0	0
37.79	2803.77266	0	0
37.8	2803.77266	0	0
37.81	2803.77266	0	0
37.82	2803.77266	0	0
37.83	2803.77266	0	0
37.84	2803.77266	0	0
37.85	2803.77266	0	0
37.86	2803.77266	0	0
37.87	2803.77266	0	0
37.88	2803.77266	0	0
37.89	2803.77266	0	0
37.9	2803.77266	0	0
37.91	2803.77266	0	0
37.92	2803.77266	0	0
37.93	2803.77266	0	0
37.94	2803.77266	0	0
37.95	2803.77266	0	0
37.96	2803.77266	0	0
37.97	2803.77266	0	0
37.98	2803.77266	0	0
37.99	2803.77266	0	0
38	2803.77266	0	0
38.01	2803.77266	0	0
38.02	2803.77266	0	0
38.03	2803.77266	0	0
38.04	2803.77266	0	0
38.05	2803.77266	0	0
38.06	2803.77266	0	0
38.07	2803.77266	0	0
38.08	2803.77266	0	0
38.09	2803.77266	0	0
38.1	2803.77266	0	0
38.11	2803.77266	0	0
38.12	2803.77266	0	0
38.13	2803.77266	0	0
38.14	2803.77266	0	0
38.15	2803.77266	0	0
38.16	2803.77266	0	0
38.17	2803.77266	0	0
38.18	2803.77266	0	0
38.19	2803.77266	0	0
38.2	2803.77266	0	0
38.21	2803.77266	0	0
38.22	2803.77266	0	0
38.23	2803.77266	0	0
38.24	2803.77266	0	0
38.25	2803.77266	0	0
38.26	2803.77266	0	0
38.27	2803.77266	0	0
38.28	2803.77266	0	0
38.29	2803.77266	0	0
38.3	2803.77266	0	0
38.31	2803.77266	0	0
38.32	2803.77266	0	0
38.33	2803.77266	0	0
38.34	2803.77266	0	0
38.35	2803.77266	0	0
38.36	2803.77266	0	0
38.37	2803.77266	0	0
38.38	2803.77266	0	0
38.39	2803.77266	0	0
38.4	2803.77266	0	0
38.41	2803.77266	0	0
38.42	2803.77266	0	0
38.43	2803.77266	0	0
38.44	2803.77266	0	0
38.45	2803.77266	0	0
38.46	2803.77266	0	0
38.47	2803.77266	0	0
38.48	2803.77266	0	0
38.49	2803.77266	0	0
38.5	2803.77266	0	0
38.51	2803.77266	0	0
38.52	2803.77266	0	0
38.53	2803.77266	0	0
38.54	2803.77266	0	0
38.55	2803.77266	0	0
38.56	2803.77266	0	0
38.57	2803.77266	0	0
38.58	2803.77266	0	0
38.59	2803.77266	0	0
38.6	2803.77266	0	0
38.61	2803.77266	0	0
38.62	2803.77266	0	0
38.63	2803.77266	0	0
38.64	2803.77266	0	0
38.65	2803.77266	0	0
38.66	2803.77266	0	0
38.67	2803.77266	0	0
38.68	2803.77266	0	0
38.69	2803.77266	0	0
38.7	2803.77266	0	0
38.71	2803.77266	0	0
38.72	2803.77266	0	0
38.73	2803.77266	0	0
38.74	2803.77266	0	0
38.75	2803.77266	0	0
38.76	2803.77266	0	0
38.77	2803.77266	0	0
38.78	2803.77266	0	0
38.79	2803.77266	0	0
38.8	2803.77266	0	0
38.81	2803.77266	0	0
38.82	2803.77266	0	0
38.83	2803.77266	0	0
38.84	2803.77266	0	0
38.85	2803.77266	0	0
38.86	2803.77266	0	0
38.87	2803.77266	0	0
38.88	2803.77266	0	0
38.89	2803.77266	0	0
38.9	2803.77266	0	0
38.91	2803.77266	0	0
38.92	2803.77266	0	0
38.93	2803.77266	0	0
38.94	2803.77266	0	0
38.95	2803.77266	0	0
38.96	2803.77266	0	0
38.97	2803.77266	0	0
38.98	2803.77266	0	0
38.99	2803.77266	0	0
39	2803.77266	0	0
39.01	2803.77266	0	0
39.02	2803.77266	0	0
39.03	2803.77266	0	0
39.04	2803.77266	0	0
39.05	2803.77266	0	0
39.06	2803.77266	0	0
39.07	2803.77266	0	0
39.08	2803.77266	0	0
39.09	2803.77266	0	0
39.1	2803.77266	0	0
39.11	2803.77266	0	0
39.12	2803.77266	0	0
39.13	2803.77266	0	0
39.14	2803.77266	0	0
39.15	2803.77266	0	0
39.16	2803.77266	0	0
39.17	2803.77266	0	0
39.18	2803.77266	0	0
39.19	2803.77266	0	0
39.2	2803.77266	0	0
39.21	2803.77266	0	0
39.22	2803.77266	0	0
39.23	2803.77266	0	0
39.24	2803.77266	0	0
39.25	2803.77266	0	0
39.26	2803.77266	0	0
39.27	2803.77266	0	0
39.28	2803.77266	0	0
39.29	2803.77266	0	0
39.3	2803.77266	0	0
39.31	2803.77266	0	0
39.32	2803.77266	0	0
39.33	2803.77266	0	0
39.34	2803.77266	0	0
39.35	2803.77266	0	0
39.36	2803.77266	0	0
39.37	2803.77266	0	0
39.38	2803.77266	0	0
39.39	2803.77266	0	0
39.4	2803.77266	0	0
39.41	2803.77266	0	0
39.42	2803.77266	0	0
39.43	2803.77266	0	0
39.44	2803.77266	0	0
39.45	2803.77266	0	0
39.46	2803.77266	0	0
39.47	2803.77266	0	0
39.48	2803.77266	0	0
39.49	2803.77266	0	0
39.5	2803.77266	0	0
39.51	2803.77266	0	0
39.52	2803.77266	0	0
39.53	2803.77266	0	0
39.54	2803.77266	0	0
39.55	2803.77266	0	0
39.56	2803.77266	0	0
39.57	2803.77266	0	0
39.58	2803.77266	0	0
39.59	2803.77266	0	0
39.6	2803.77266	0	0
39.61	2803.77266	0	0
39.62	2803.77266	0	0
39.63	2803.77266	0	0
39.64	2803.77266	0	0
39.65	2803.77266	0	0
39.66	2803.77266	0	0
39.67	2803.77266	0	0
39.68	2803.77266	0	0
39.69	2803.77266	0	0
39.7	2803.77266	0	0
39.71	2803.77266	0	0
39.72	2803.77266	0	0
39.73	2803.77266	0	0
39.74	2803.77266	0	0
39.75	2803.77266	0	0
39.76	2803.77266	0	0
39.77	2803.77266	0	0
39.78	2803.77266	0	0
39.79	2803.77266	0	0
39.8	2803.77266	0	0
39.81	2803.77266	0	0
39.82	2803.77266	0	0
39.83	2803.77266	0	0
39.84	2803.77266	0	0
39.85	2803.77266	0	0
39.86	2803.77266	0	0
39.87	2803.77266	0	0
39.88	2803.77266	0	0
39.89	2803.77266	0	0
39.9	2803.77266	0	0
39.91	2803.77266	0	0
39.92	2803.77266	0	0
39.93	2803.77266	0	0
39.94	2803.77266	0	0
39.95	2803.77266	0	0
39.96	2803.77266	0	0
39.97	2803.77266	0	0
39.98	2803.77266	0	0
39.99	2803.77266	0	0
40	2803.77266	0	0
40.01	2803.77266	0	0
40.02	2803.77266	0	0
40.03	2803.77266	0	0
40.04	2803.77266	0	0
40.05	2803.77266	0	0
40.06	2803.77266	0	0
40.07	2803.77266	0	0
40.08	2803.77266	0	0
40.09	2803.77266	0	0
40.1	2803.77266	0	0
40.11	2803.77266	0	0
40.12	2803.77266	0	0
40.13	2803.77266	0	0
40.14	2803.77266	0	0
40.15	2803.77266	0	0
40.16	2803.77266	0	0
40.17	2803.77266	0	0
40.18	2803.77266	0	0
40.19	2803.77266	0	0
40.2	2803.77266	0	0
40.21	2803.77266	0	0
40.22	2803.77266	0	0
40.23	2803.77266	0	0
40.24	2803.77266	0	0
40.25	2803.77266	0	0
40.26	2803.77266	0	0
40.27	2803.77266	0	0
40.28	2803.77266	0	0
40.29	2803.77266	0	0
40.3	2803.77266	0	0
40.31	2803.77266	0	0
40.32	2803.77266	0	0
40.33	2803.77266	0	0
40.34	2803.77266	0	0
40.35	2803.77266	0	0
40.36	2803.77266	0	0
40.37	2803.77266	0	0
40.38	2803.77266	0	0
40.39	2803.77266	0	0
40.4	2803.77266	0	0
40.41	2803.77266	0	0
40.42	2803.77266	0	0
40.43	2803.77266	0	0
40.44	2803.77266	0	0
40.45	2803.77266	0	0
40.46	2803.77266	0	0
40.47	2803.77266	0	0
40.48	2803.77266	0	0
40.49	2803.77266	0	0
40.5	2803.77266	0	0
40.51	2803.77266	0	0
40.52	2803.77266	0	0
40.53	2803.77266	0	0
40.54	2803.77266	0	0
40.55	2803.77266	0	0
40.56	2803.77266	0	0
40.57	2803.77266	0	0
40.58	2803.77266	0	0
40.59	2803.77266	0	0
40.6	2803.77266	0	0
40.61	2803.77266	0	0
40.62	2803.77266	0	0
40.63	2803.77266	0	0
40.64	2803.77266	0	0
40.65	2803.77266	0	0
40.66	2803.77266	0	0
40.67	2803.77266	0	0
40.68	2803.77266	0	0
40.69	2803.77266	0	0
40.7	2803.77266	0	0
40.71	2803.77266	0	0
40.72	2803.77266	0	0
40.73	2803.77266	0	0
40.74	2803.77266	0	0
40.75	2803.77266	0	0
40.76	2803.77266	0	0
40.77	2803.77266	0	0
40.78	2803.77266	0	0
40.79	2803.77266	0	0
40.8	2803.77266	0	0
40.81	2803.77266	0	0
40.82	2803.77266	0	0
40.83	2803.77266	0	0
40.84	2803.77266	0	0
40.85	2803.77266	0	0
40.86	2803.77266	0	0
40.87	2803.77266	0	0
40.88	2803.77266	0	0
40.89	2803.77266	0	0
40.9	2803.77266	0	0
40.91	2803.77266	0	0
40.92	2803.77266	0	0
40.93	2803.77266	0	0
40.94	2803.77266	0	0
40.95	2803.77266	0	0
40.96	2803.77266	0	0
40.97	2803.77266	0	0
40.98	2803.77266	0	0
40.99	2803.77266	0	0
41	2803.77266	0	0
41.01	2803.77266	0	0
41.02	2803.77266	0	0
41.03	2803.77266	0	0
41.04	2803.77266	0	0
41.05	2803.77266	0	0
41.06	2803.77266	0	0
41.07	2803.77266	0	0
41.08	2803.77266	0	0
41.09	2803.77266	0	0
41.1	2803.77266	0	0
41.11	2803.77266	0	0
41.12	2803.77266	0	0
41.13	2803.77266	0	0
41.14	2803.77266	0	0
41.15	2803.77266	0	0
41.16	2803.77266	0	0
41.17	2803.77266	0	0
41.18	2803.77266	0	0
41.19	2803.77266	0	0
41.2	2803.77266	0	0
41.21	2803.77266	0	0
41.22	2803.77266	0	0
41.23	2803.77266	0	0
41.24	2803.77266	0	0
41.25	2803.77266	0	0
41.26	2803.77266	0	0
41.27	2803.77266	0	0
41.28	2803.77266	0	0
41.29	2803.77266	0	0
41.3	2803.77266	0	0
41.31	2803.77266	0	0
41.32	2803.77266	0	0
41.33	2803.77266	0	0
41.34	2803.77266	0	0
41.35	2803.77266	0	0
41.36	2803.77266	0	0
41.37	2803.77266	0	0
41.38	2803.77266	0	0
41.39	2803.77266	0	0
41.4	2803.77266	0	0
41.41	2803.77266	0	0
41.42	2803.77266	0	0
41.43	2803.77266	0	0
41.44	2803.77266	0	0
41.45	2803.77266	0	0
41.46	2803.77266	0	0
41.47	2803.77266	0	0
41.48	2803.77266	0	0
41.49	2803.77266	0	0
41.5	2803.77266	0	0
41.51	2803.77266	0	0
41.52	2803.77266	0	0
41.53	2803.77266	0	0
41.54	2803.77266	0	0
41.55	2803.77266	0	0
41.56	2803.77266	0	0
41.57	2803.77266	0	0
41.58	2803.77266	0	0
41.59	2803.77266	0	0
41.6	2803.77266	0	0
41.61	2803.77266	0	0
41.62	2803.77266	0	0
41.63	2803.77266	0	0
41.64	2803.77266	0	0
41.65	2803.77266	0	0
41.66	2803.77266	0	0
41.67	2803.77266	0	0
41.68	2803.77266	0	0
41.69	2803.77266	0	0
41.7	2803.77266	0	0
41.71	2803.77266	0	0
41.72	2803.77266	0	0
41.73	2803.77266	0	0
41.74	2803.77266	0	0
41.75	2803.77266	0	0
41.76	2803.77266	0	0
41.77	2803.77266	0	0
41.78	2803.77266	0	0
41.79	2803.77266	0	0
41.8	2803.77266	0	0
41.81	2803.77266	0	0
41.82	2803.77266	0	0
41.83	2803.77266	0	0
41.84	2803.77266	0	0
41.85	2803.77266	0	0
41.86	2803.77266	0	0
41.87	2803.77266	0	0
41.88	2803.77266	0	0
41.89	2803.77266	0	0
41.9	2803.77266	0	0
41.91	2803.77266	0	0
41.92	2803.77266	0	0
41.93	2803.77266	0	0
41.94	2803.77266	0	0
41.95	2803.77266	0	0
41.96	2803.77266	0	0
41.97	2803.77266	0	0
41.98	2803.77266	0	0
41.99	2803.77266	0	0
42	2803.77266	0	0
42.01	2803.77266	0	0
42.02	2803.77266	0	0
42.03	2803.77266	0	0
42.04	2803.77266	0	0
42.05	2803.77266	0	0
42.06	2803.77266	0	0
42.07	2803.77266	0	0
42.08	2803.77266	0	0
42.09	2803.77266	0	0
42.1	2803.77266	0	0
42.11	2803.77266	0	0
42.12	2803.77266	0	0
42.13	2803.77266	0	0
42.14	2803.77266	0	0
42.15	2803.77266	0	0
42.16	2803.77266	0	0
42.17	2803.77266	0	0
42.18	2803.77266	0	0
42.19	2803.77266	0	0
42.2	2803.77266	0	0
42.21	2803.77266	0	0
42.22	2803.77266	0	0
42.23	2803.77266	0	0
42.24	2803.77266	0	0
42.25	2803.77266	0	0
42.26	2803.77266	0	0
42.27	2803.77266	0	0
42.28	2803.77266	0	0
42.29	2803.77266	0	0
42.3	2803.77266	0	0
42.31	2803.77266	0	0
42.32	2803.77266	0	0
42.33	2803.77266	0	0
42.34	2803.77266	0	0
42.35	2803.77266	0	0
42.36	2803.77266	0	0
42.37	2803.77266	0	0
42.38	2803.77266	0	0
42.39	2803.77266	0	0
42.4	2803.77266	0	0
42.41	2803.77266	0	0
42.42	2803.77266	0	0
42.43	2803.77266	0	0
42.44	2803.77266	0	0
42.45	2803.77266	0	0
42.46	2803.77266	0	0
42.47	2803.77266	0	0
42.48	2803.77266	0	0
42.49	2803.77266	0	0
42.5	2803.77266	0	0
42.51	2803.77266	0	0
42.52	2803.77266	0	0
42.53	2803.77266	0	0
42.54	2803.77266	0	0
42.55	2803.77266	0	0
42.56	2803.77266	0	0
42.57	2803.77266	0	0
42.58	2803.77266	0	0
42.59	2803.77266	0	0
42.6	2803.77266	0	0
42.61	2803.77266	0	0
42.62	2803.77266	0	0
42.63	2803.77266	0	0
42.64	2803.77266	0	0
42.65	2803.77266	0	0
42.66	2803.77266	0	0
42.67	2803.77266	0	0
42.68	2803.77266	0	0
42.69	2803.77266	0	0
42.7	2803.77266	0	0
42.71	2803.77266	0	0
42.72	2803.77266	0	0
42.73	2803.77266	0	0
42.74	2803.77266	0	0
42.75	2803.77266	0	0
42.76	2803.77266	0	0
42.77	2803.77266	0	0
42.78	2803.77266	0	0
42.79	2803.77266	0	0
42.8	2803.77266	0	0
42.81	2803.77266	0	0
42.82	2803.77266	0	0
42.83	2803.77266	0	0
42.84	2803.77266	0	0
42.85	2803.77266	0	0
42.86	2803.77266	0	0
42.87	2803.77266	0	0
42.88	2803.77266	0	0
42.89	2803.77266	0	0
42.9	2803.77266	0	0
42.91	2803.77266	0	0
42.92	2803.77266	0	0
42.93	2803.77266	0	0
42.94	2803.77266	0	0
42.95	2803.77266	0	0
42.96	2803.77266	0	0
42.97	2803.77266	0	0
42.98	2803.77266	0	0
42.99	2803.77266	0	0
43	2803.77266	0	0
43.01	2803.77266	0	0
43.02	2803.77266	0	0
43.03	2803.77266	0	0
43.04	2803.77266	0	0
43.05	2803.77266	0	0
43.06	2803.77266	0	0
43.07	2803.77266	0	0
43.08	2803.77266	0	0
43.09	2803.77266	0	0
43.1	2803.77266	0	0
43.11	2803.77266	0	0
43.12	2803.77266	0	0
43.13	2803.77266	0	0
43.14	2803.77266	0	0
43.15	2803.77266	0	0
43.16	2803.77266	0	0
43.17	2803.77266	0	0
43.18	2803.77266	0	0
43.19	2803.77266	0	0
43.2	2803.77266	0	0
43.21	2803.77266	0	0
43.22	2803.77266	0	0
43.23	2803.77266	0	0
43.24	2803.77266	0	0
43.25	2803.77266	0	0
43.26	2803.77266	0	0
43.27	2803.77266	0	0
43.28	2803.77266	0	0
43.29	2803.77266	0	0
43.3	2803.77266	0	0
43.31	2803.77266	0	0
43.32	2803.77266	0	0
43.33	2803.77266	0	0
43.34	2803.77266	0	0
43.35	2803.77266	0	0
43.36	2803.77266	0	0
43.37	2803.77266	0	0
43.38	2803.77266	0	0
43.39	2803.77266	0	0
43.4	2803.77266	0	0
43.41	2803.77266	0	0
43.42	2803.77266	0	0
43.43	2803.77266	0	0
43.44	2803.77266	0	0
43.45	2803.77266	0	0
43.46	2803.77266	0	0
43.47	2803.77266	0	0
43.48	2803.77266	0	0
43.49	2803.77266	0	0
43.5	2803.77266	0	0
43.51	2803.77266	0	0
43.52	2803.77266	0	0
43.53	2803.77266	0	0
43.54	2803.77266	0	0
43.55	2803.77266	0	0
43.56	2803.77266	0	0
43.57	2803.77266	0	0
43.58	2803.77266	0	0
43.59	2803.77266	0	0
43.6	2803.77266	0	0
43.61	2803.77266	0	0
43.62	2803.77266	0	0
43.63	2803.77266	0	0
43.64	2803.77266	0	0
43.65	2803.77266	0	0
43.66	2803.77266	0	0
43.67	2803.77266	0	0
43.68	2803.77266	0	0
43.69	2803.77266	0	0
43.7	2803.77266	0	0
43.71	2803.77266	0	0
43.72	2803.77266	0	0
43.73	2803.77266	0	0
43.74	2803.77266	0	0
43.75	2803.77266	0	0
43.76	2803.77266	0	0
43.77	2803.77266	0	0
43.78	2803.77266	0	0
43.79	2803.77266	0	0
43.8	2803.77266	0	0
43.81	2803.77266	0	0
43.82	2803.77266	0	0
43.83	2803.77266	0	0
43.84	2803.77266	0	0
43.85	2803.77266	0	0
43.86	2803.77266	0	0
43.87	2803.77266	0	0
43.88	2803.77266	0	0
43.89	2803.77266	0	0
43.9	2803.77266	0	0
43.91	2803.77266	0	0
43.92	2803.77266	0	0
43.93	2803.77266	0	0
43.94	2803.77266	0	0
43.95	2803.77266	0	0
43.96	2803.77266	0	0
43.97	2803.77266	0	0
43.98	2803.77266	0	0
43.99	2803.77266	0	0
44	2803.77266	0	0
44.01	2803.77266	0	0
44.02	2803.77266	0	0
44.03	2803.77266	0	0
44.04	2803.77266	0	0
44.05	2803.77266	0	0
44.06	2803.77266	0	0
44.07	2803.77266	0	0
44.08	2803.77266	0	0
44.09	2803.77266	0	0
44.1	2803.77266	0	0
44.11	2803.77266	0	0
44.12	2803.77266	0	0
44.13	2803.77266	0	0
44.14	2803.77266	0	0
44.15	2803.77266	0	0
44.16	2803.77266	0	0
44.17	2803.77266	0	0
44.18	2803.77266	0	0
44.19	2803.77266	0	0
44.2	2803.77266	0	0
44.21	2803.77266	0	0
44.22	2803.77266	0	0
44.23	2803.77266	0	0
44.24	2803.77266	0	0
44.25	2803.77266	0	0
44.26	2803.77266	0	0
44.27	2803.77266	0	0
44.28	2803.77266	0	0
44.29	2803.77266	0	0
44.3	2803.77266	0	0
44.31	2803.77266	0	0
44.32	2803.77266	0	0
44.33	2803.77266	0	0
44.34	2803.77266	0	0
44.35	2803.77266	0	0
44.36	2803.77266	0	0
44.37	2803.77266	0	0
44.38	2803.77266	0	0
44.39	2803.77266	0	0
44.4	2803.77266	0	0
44.41	2803.77266	0	0
44.42	2803.77266	0	0
44.43	2803.77266	0	0
44.44	2803.77266	0	0
44.45	2803.77266	0	0
44.46	2803.77266	0	0
44.47	2803.77266	0	0
44.48	2803.77266	0	0
44.49	2803.77266	0	0
44.5	2803.77266	0	0
44.51	2803.77266	0	0
44.52	2803.77266	0	0
44.53	2803.77266	0	0
44.54	2803.77266	0	0
44.55	2803.77266	0	0
44.56	2803.77266	0	0
44.57	2803.77266	0	0
44.58	2803.77266	0	0
