-0.000866
-0.005928
-0.019048
-0.038978
-0.058202
-0.068543
-0.066581
-0.054505
-0.037547
-0.020711
-0.006824
0.003517
0.01088
0.016072
0.019811
0.022711
0.025261
0.027689
0.02964
0.030041
0.027642
0.021908
0.013387
0.003341
-0.006936
-0.016623
-0.025509
-0.03381
-0.041889
-0.050021
-0.058307
-0.0667
-0.075093
-0.083263
-0.090454
-0.094986
-0.094799
-0.088795
-0.07765
-0.063401
-0.048337
-0.034128
-0.021808
-0.012407
-0.007169
-0.006841
-0.010956
-0.017945
-0.025854
-0.0329
-0.03774
-0.039752
-0.039212
-0.037065
-0.034467
-0.032515
-0.032086
-0.033272
-0.034528
-0.032815
-0.025315
-0.011258
0.007797
0.028905
0.048425
0.062236
0.066756
0.060721
0.046056
0.027053
0.008518
-0.006177
-0.016122
-0.022476
-0.026951
-0.030095
-0.030725
-0.027105
-0.018701
-0.007053
0.004774
0.01382
0.018734
0.020082
0.019541
0.018758
0.018446
0.018178
0.016989
0.01422
0.009923
0.004693
-0.000746
-0.00589
-0.010572
-0.014894
-0.019062
-0.023248
-0.027525
-0.031876
-0.036241
-0.04056
-0.044639
-0.047401
-0.045955
-0.036179
-0.015652
0.012919
0.041231
0.059531
0.062253
0.050512
0.030466
0.009734
-0.005956
-0.014535
-0.017309
-0.017246
-0.017066
-0.018159
-0.02055
-0.023531
-0.026353
-0.028589
-0.029975
-0.029843
-0.02694
-0.020174
-0.009639
0.003048
0.015389
0.0252
0.031437
0.034232
0.034667
0.034763
0.03689
0.041852
0.04754
0.050281
0.047534
0.039298
0.027569
0.014894
0.003116
-0.007111
-0.016093
-0.02435
-0.031495
-0.035634
-0.034344
-0.026488
-0.013048
0.003531
0.020682
0.03674
0.051149
0.063725
0.073584
0.07902
0.078688
0.072799
0.063118
0.051984
0.041258
0.031786
0.023493
0.015823
0.008203
0.000314
-0.007759
-0.015226
-0.020392
-0.021271
-0.01683
-0.007697
0.004252
0.016775
0.027614
0.034355
0.03487
0.028427
0.016245
0.000844
-0.014985
-0.028359
-0.035909
-0.034439
-0.022826
-0.003538
0.01757
0.033568
0.0398
0.035888
0.025051
0.011878
0.000573
-0.005659
-0.005061
0.001803
0.011793
0.020563
0.024844
0.023844
0.019053
0.013142
0.008785
0.007674
0.010018
0.014653
0.019578
0.02271
0.022753
0.019695
0.014565
0.008727
0.003222
-0.001519
-0.005593
-0.009306
-0.012619
-0.014465
-0.012775
-0.005727
0.006899
0.023571
0.041954
0.060056
0.07657
0.089975
0.097781
0.097631
0.089182
0.074535
0.05703
0.039623
0.023901
0.010016
-0.002741
-0.015117
-0.026846
-0.035813
-0.038642
-0.032862
-0.018838
-0.000149
0.017562
0.028947
0.031396
0.025864
0.015683
0.004596
-0.004479
-0.009676
-0.010352
-0.007507
-0.003549
-0.001029
-0.001333
-0.004314
-0.008722
-0.012711
-0.014325
-0.012254
-0.006469
0.001889
0.011237
0.02025
0.027988
0.033544
0.035936
0.034623
0.029998
0.023267
0.015845
0.00877
0.002465
-0.003078
-0.00774
-0.01091
-0.011833
-0.010281
-0.006768
-0.002226
0.002476
0.006831
0.010729
0.01432
0.017821
0.021386
0.025059
0.028802
0.032545
0.036165
0.039253
0.040895
0.039972
0.035889
0.029013
0.020453
0.011455
0.003038
-0.003753
-0.007559
-0.007236
-0.002866
0.003651
0.009063
0.010393
0.006516
-0.00157
-0.011719
-0.02165
-0.029039
-0.031364
-0.026781
-0.015346
0.000797
0.018063
0.032326
0.040234
0.040596
0.034741
0.025513
0.015748
0.007197
0.00028
-0.005374
-0.009874
-0.012345
-0.01139
-0.00627
0.002328
0.01219
0.020016
0.022747
0.019464
0.012303
0.005263
0.001807
0.003172
0.008338
0.015072
0.021013
0.024421
0.024632
0.022132
0.018105
0.013772
0.009915
0.006743
0.004056
0.001517
-0.001131
-0.003978
-0.006973
-0.01001
-0.012908
-0.015198
-0.016018
-0.014549
-0.010616
-0.004824
0.001826
0.008437
0.014442
0.019358
0.022463
0.022998
0.020733
0.016223
0.010515
0.004635
-0.000787
-0.005598
-0.009827
-0.01296
-0.013485
-0.00959
-0.000498
0.012788
0.027496
0.039676
0.045645
0.043764
0.035118
0.022657
0.009734
-0.001036
-0.00841
-0.012592
-0.014758
-0.016286
-0.018157
-0.020727
-0.023854
-0.027187
-0.030416
-0.0334
-0.036078
-0.03811
-0.038646
-0.036699
-0.031861
-0.024627
-0.016083
-0.00734
0.000904
0.008465
0.015528
0.022378
0.029038
0.034889
0.038712
0.039431
0.036902
0.032035
0.026363
0.021438
0.018287
0.017098
0.017343
0.018197
0.01897
0.019326
0.019273
0.018978
0.018484
0.017456
0.015259
0.011392
0.005872
-0.00078
-0.007797
-0.014354
-0.019682
-0.023307
-0.025282
-0.026128
-0.026528
-0.02702
-0.027847
-0.028982
-0.030152
-0.030637
-0.029224
-0.024808
-0.017171
-0.007123
0.00401
0.015052
0.025376
0.034766
0.042657
0.04755
0.047651
0.042216
0.032185
0.019618
0.006621
-0.005467
-0.016291
-0.026086
-0.034729
-0.040758
-0.04162
-0.035541
-0.023576
-0.009842
0.000643
0.00488
0.00329
-0.001163
-0.005119
-0.006726
-0.006316
-0.005709
-0.006791
-0.010403
-0.016065
-0.022193
-0.026519
-0.027035
-0.023337
-0.017284
-0.012059
-0.010277
-0.01269
-0.018262
-0.025125
-0.031401
-0.035349
-0.035378
-0.030606
-0.021449
-0.009448
0.003506
0.015819
0.026275
0.033945
0.038411
0.040051
0.039896
0.039122
0.038506
0.037956
0.036442
0.032648
0.025904
0.016597
0.00584
-0.005167
-0.015483
-0.024009
-0.028857
-0.027789
-0.019682
-0.005448
0.012452
0.031134
0.047839
0.059843
0.064888
0.062296
0.053484
0.041224
0.028293
0.016458
0.006205
-0.002892
-0.011575
-0.020421
-0.029531
-0.038033
-0.043594
-0.043012
-0.034221
-0.018216
0.000703
0.016826
0.025957
0.027285
0.02306
0.016839
0.011676
0.009067
0.008892
0.010083
0.011456
0.012275
0.0124
0.012127
0.011774
0.011308
0.010377
0.008666
0.00616
0.003123
-0.000032
-0.002758
-0.004399
-0.004454
-0.00289
-0.000163
0.003058
0.006212
0.009018
0.011456
0.013532
0.014937
0.014969
0.012973
0.008867
0.003218
-0.003101
-0.009335
-0.01503
-0.01978
-0.02287
-0.023395
-0.020887
-0.015726
-0.008962
-0.001765
0.005048
0.011125
0.016188
0.01944
0.019582
0.015656
0.007847
-0.002569
-0.013876
-0.02441
-0.032603
-0.037112
-0.037366
-0.03395
-0.028315
-0.022129
-0.016877
-0.01372
-0.013243
-0.015227
-0.01877
-0.022631
-0.025499
-0.026294
-0.024565
-0.020662
-0.015543
-0.010494
-0.006912
-0.005935
-0.007936
-0.012369
-0.018122
-0.024089
-0.02958
-0.034423
-0.038803
-0.043022
-0.047311
-0.051667
-0.055522
-0.057351
-0.055038
-0.047146
-0.033947
-0.017246
0.000567
0.017176
0.030334
0.038051
0.039432
0.035308
0.027821
0.019351
0.011563
0.005063
-0.000391
-0.005248
-0.009298
-0.011291
-0.009733
-0.004096
0.004759
0.014956
0.024099
0.029877
0.030961
0.027605
0.021376
0.014301
0.008074
0.003602
0.000918
-0.000557
-0.001588
-0.002755
-0.0043
-0.006173
-0.008184
-0.010154
-0.011993
-0.013701
-0.015324
-0.016837
-0.017987
-0.018301
-0.017364
-0.015132
-0.011962
-0.008394
-0.004885
-0.001668
0.001253
0.003999
0.006712
0.009475
0.012301
0.015123
0.017657
0.01923
0.018916
0.016094
0.010897
0.004136
-0.003164
-0.010214
-0.016681
-0.022626
-0.0283
-0.033949
-0.039703
-0.045565
-0.051277
-0.05584
-0.057347
-0.053969
-0.045287
-0.032583
-0.018049
-0.003934
0.007684
0.014984
0.017002
0.014224
0.008349
0.001408
-0.005089
-0.010519
-0.014967
-0.018624
-0.021144
-0.021608
-0.019218
-0.013985
-0.006783
0.001018
0.007878
0.0124
0.013826
0.01239
0.009114
0.005231
0.001646
-0.001278
-0.003638
-0.005741
-0.007872
-0.01017
-0.012631
-0.015165
-0.017641
-0.019814
-0.021261
-0.021552
-0.020541
-0.018461
-0.01572
-0.012604
-0.009161
-0.005325
-0.001088
0.003446
0.008104
0.01273
0.017204
0.02131
0.024527
0.026108
0.025537
0.022925
0.018957
0.014506
0.010242
0.006457
0.003053
-0.000449
-0.004829
-0.010826
-0.018689
-0.028042
-0.038056
-0.047432
-0.05417
-0.055951
-0.051377
-0.040943
-0.026832
-0.012034
0.000592
0.009217
0.013615
0.014951
0.014962
0.015097
0.016066
0.017867
0.020104
0.022291
0.023923
0.024461
0.02352
0.021121
0.0177
0.013859
0.010095
0.006651
0.003525
0.000579
-0.002335
-0.005306
-0.008346
-0.011419
-0.014477
-0.017423
-0.019928
-0.021353
-0.021078
-0.019003
-0.015775
-0.012555
-0.010421
-0.009835
-0.010556
-0.011947
-0.013375
-0.014475
-0.01519
-0.015662
-0.016015
-0.016004
-0.014769
-0.011169
-0.004647
0.003918
0.012105
0.017
0.016824
0.011795
0.003738
-0.004829
-0.011404
-0.014083
-0.012187
-0.006466
0.001416
0.009681
0.01686
0.02177
0.023593
0.022209
0.018314
0.013088
0.007654
0.002697
-0.00162
-0.005488
-0.009208
-0.013004
-0.016908
-0.020573
-0.023088
-0.023205
-0.02009
-0.013899
-0.00571
0.002891
0.010033
0.013858
0.013256
0.008479
0.000949
-0.007549
-0.015566
-0.022015
-0.025794
-0.025843
-0.021778
-0.014289
-0.004833
0.004944
0.013373
0.018707
0.019579
0.015775
0.008404
-0.000717
-0.009874
-0.017746
-0.023142
-0.024933
-0.022574
-0.016577
-0.008321
0.000629
0.00909
0.016244
0.021187
0.02283
0.02051
0.014587
0.006339
-0.002697
-0.011367
-0.019193
-0.026152
-0.031946
-0.035347
-0.034594
-0.028831
-0.019246
-0.008765
-0.000424
0.004219
0.00548
0.004849
0.003948
0.003839
0.004868
0.006859
0.009409
0.012115
0.01472
0.017121
0.019205
0.020558
0.020412
0.018097
0.013559
0.007495
0.001199
-0.003795
-0.006362
-0.006317
-0.004374
-0.001662
0.000736
0.002022
0.001825
0.000256
-0.00221
-0.005
-0.007652
-0.009802
-0.010993
-0.010669
-0.008485
-0.004599
0.000385
0.005735
0.010902
0.015655
0.020043
0.024122
0.027464
0.028947
0.027382
0.022434
0.014864
0.006034
-0.002796
-0.010924
-0.018036
-0.023276
-0.024548
-0.019494
-0.00775
0.0077
0.021651
0.029606
0.030086
0.024736
0.016729
0.00893
0.002849
-0.001363
-0.004301
-0.006668
-0.008943
-0.011321
-0.013799
-0.016285
-0.018668
-0.020839
-0.022725
-0.024326
-0.025714
-0.026996
-0.028265
-0.029569
-0.030867
-0.031717
-0.030798
-0.026423
-0.018439
-0.009291
-0.002561
-0.000556
-0.003121
-0.008007
-0.01221
-0.013505
-0.011328
-0.006599
-0.000853
0.004622
0.009166
0.012514
0.014311
0.014041
0.01149
0.007291
0.002994
0.000424
0.000712
0.003795
0.008611
0.013586
0.017113
0.018094
0.016364
0.012633
0.00805
0.003833
0.001189
0.001166
0.004173
0.00948
0.01517
0.018856
0.01889
0.015143
0.008803
0.001524
-0.005389
-0.011371
-0.016515
-0.02124
-0.025722
-0.028987
-0.028634
-0.022187
-0.008941
0.009365
0.02896
0.045109
0.054001
0.054513
0.048433
0.039093
0.029587
0.021662
0.015572
0.010633
0.005962
0.001062
-0.003986
-0.008749
-0.012842
-0.01618
-0.018967
-0.021527
-0.024126
-0.02691
-0.029951
-0.033312
-0.037027
-0.041059
-0.045291
-0.049535
-0.053382
-0.055972
-0.056157
-0.053178
-0.047216
-0.039297
-0.030707
-0.022426
-0.014886
-0.00809
-0.001896
0.00381
0.009114
0.014114
0.018868
0.023153
0.026257
0.027234
0.02555
0.021513
0.016238
0.011302
0.008189
0.007679
0.009561
0.012915
0.01667
0.020079
0.022884
0.02521
0.027342
0.029431
0.03114
0.031549
0.029693
0.025277
0.018867
0.011498
0.004133
-0.00269
-0.008897
-0.014707
-0.020354
-0.025693
-0.029869
-0.031536
-0.02972
-0.024518
-0.01704
-0.008798
-0.001128
0.005139
0.009793
0.013172
0.015888
0.018507
0.0213
0.024026
0.025929
0.026149
0.024303
0.020712
0.016194
0.011792
0.008651
0.007806
0.00974
0.014107
0.019927
0.025939
0.030757
0.033052
0.032049
0.027964
0.021861
0.015055
0.008545
0.002752
-0.002404
-0.007143
-0.011254
-0.013774
-0.013475
-0.009784
-0.003217
0.004966
0.013425
0.021217
0.027921
0.033567
0.038479
0.043065
0.047621
0.052101
0.055855
0.057718
0.056702
0.052697
0.046534
0.039459
0.032525
0.026259
0.020689
0.015644
0.01104
0.006913
0.003289
0.000085
-0.002866
-0.005741
-0.008651
-0.011617
-0.014588
-0.017489
-0.020277
-0.022953
-0.025554
-0.028122
-0.030684
-0.033153
-0.035043
-0.035375
-0.033193
-0.028264
-0.021242
-0.013246
-0.005286
0.002086
0.00871
0.014304
0.018043
0.018891
0.016413
0.011165
0.004377
-0.002688
-0.009223
-0.015008
-0.020169
-0.024632
-0.027662
-0.028121
-0.025297
-0.019475
-0.01177
-0.003505
0.004362
0.011409
0.017442
0.022046
0.024593
0.024727
0.022728
0.019416
0.015779
0.012695
0.010772
0.010223
0.010832
0.01211
0.013482
0.014295
0.013799
0.011433
0.007176
0.001572
-0.004591
-0.010655
-0.016292
-0.021442
-0.02593
-0.028996
-0.029396
-0.026212
-0.019573
-0.010606
-0.000917
0.007697
0.013436
0.015104
0.012756
0.00762
0.001373
-0.004582
-0.009311
-0.012136
-0.012561
-0.010547
-0.006847
-0.003143
-0.001638
-0.003958
-0.010022
-0.017653
-0.023414
-0.024442
-0.019951
-0.011382
-0.001593
0.006308
0.010243
0.009929
0.006629
0.002184
-0.001929
-0.005045
-0.007246
-0.008895
-0.00994
-0.00952
-0.006429
-0.00009
0.008775
0.018073
0.025038
0.02759
0.025395
0.019784
0.012776
0.00607
0.000619
-0.003102
-0.004732
-0.004082
-0.001467
0.002069
0.004866
0.005257
0.002398
-0.003362
-0.010837
-0.018703
-0.026011
-0.032305
-0.037474
-0.041635
-0.045066
-0.048115
-0.051076
-0.054118
-0.057231
-0.060097
-0.062007
-0.062122
-0.060001
-0.055903
-0.050617
-0.045026
-0.03974
-0.034969
-0.030608
-0.026425
-0.022221
-0.017909
-0.013636
-0.010125
-0.008667
-0.010043
-0.013266
-0.015815
-0.015276
-0.010765
-0.003094
0.006048
0.015093
0.023194
0.030137
0.035595
0.038584
0.037974
0.033485
0.026006
0.017075
0.008111
-0.000086
-0.007399
-0.014142
-0.020729
-0.027391
-0.033862
-0.039144
-0.041799
-0.040827
-0.036361
-0.029585
-0.022128
-0.01542
-0.010255
-0.006667
-0.004137
-0.001984
0.000303
0.002928
0.005775
0.008318
0.009565
0.008407
0.004292
-0.002405
-0.010628
-0.019216
-0.027374
-0.034841
-0.041762
-0.048444
-0.055033
-0.061001
-0.064807
-0.064487
-0.058939
-0.04871
-0.035625
-0.021824
-0.009048
0.001595
0.009692
0.015539
0.019932
0.023778
0.02774
0.032091
0.03678
0.041696
0.047026
0.053044
0.059114
0.063277
0.06341
0.058739
0.050231
0.039829
0.029381
0.019937
0.011653
0.004313
-0.001636
-0.00455
-0.002555
0.004856
0.016022
0.027483
0.035378
0.037292
0.033281
0.025374
0.016193
0.007705
0.000693
-0.005066
-0.010176
-0.014819
-0.018248
-0.019153
-0.01682
-0.012086
-0.007169
-0.004381
-0.004844
-0.008158
-0.013003
-0.018003
-0.02232
-0.025786
-0.028683
-0.031424
-0.034304
-0.037416
-0.040693
-0.04385
-0.045966
-0.045227
-0.039707
-0.028731
-0.013692
0.002028
0.014184
0.019687
0.018111
0.011563
0.00349
-0.002622
-0.004367
-0.001153
0.005891
0.014783
0.023718
0.031701
0.038599
0.044819
0.050881
0.057129
0.0636
0.069866
0.074891
0.077307
0.076215
0.0718
0.065199
0.057846
0.05083
0.044607
0.039085
0.03391
0.028739
0.023394
0.017876
0.012286
0.006734
0.001289
-0.003957
-0.008564
-0.011458
-0.011293
-0.007333
-0.000109
0.008532
0.016034
0.020311
0.020743
0.018212
0.014325
0.010521
0.007555
0.00547
0.00389
0.002374
0.000649
-0.001352
-0.003615
-0.006231
-0.009427
-0.013401
-0.018132
-0.023379
-0.028757
-0.033652
-0.036999
-0.037471
-0.034227
-0.027522
-0.018569
-0.008864
0.000466
0.008954
0.016666
0.023682
0.029385
0.032336
0.031181
0.025727
0.017113
0.00711
-0.002751
-0.011679
-0.019634
-0.027013
-0.034277
-0.04151
-0.047624
-0.049807
-0.044561
-0.03018
-0.008867
0.013298
0.029126
0.03414
0.028564
0.016513
0.003664
-0.005213
-0.007931
-0.005147
0.000748
0.007212
0.012666
0.016761
0.019984
0.023046
0.026438
0.030284
0.034435
0.038533
0.041815
0.043042
0.041098
0.03578
0.027944
0.01897
0.010073
0.0019
-0.005497
-0.01242
-0.019231
-0.026162
-0.033261
-0.040453
-0.04753
-0.053898
-0.058314
-0.059291
-0.056054
-0.049104
-0.03992
-0.030151
-0.020943
-0.01269
-0.0052
0.001935
0.008868
0.015032
0.019181
0.020168
0.017804
0.012968
0.007041
0.001221
-0.00388
-0.008234
-0.012155
-0.015937
-0.019456
-0.021997
-0.022652
-0.020982
-0.017333
-0.012645
-0.008008
-0.004235
-0.001611
0.000077
0.001296
0.002512
0.004114
0.006442
0.009732
0.013986
0.018947
0.024231
0.029495
0.034535
0.039152
0.04285
0.04477
0.044178
0.04104
0.036077
0.030342
0.024723
0.019658
0.015155
0.010974
0.006846
0.00261
-0.001759
-0.006199
-0.010622
-0.014971
-0.01923
-0.023366
-0.027096
-0.029602
-0.029695
-0.026547
-0.020386
-0.012656
-0.005576
-0.001142
-0.000177
-0.002126
-0.005623
-0.009299
-0.012318
-0.014403
-0.015452
-0.01524
-0.013532
-0.010399
-0.006409
-0.002639
-0.000409
-0.000661
-0.003455
-0.008025
-0.013286
-0.01835
-0.022696
-0.025977
-0.027824
-0.027981
-0.026567
-0.024083
-0.021175
-0.018357
-0.015867
-0.013696
-0.011696
-0.009715
-0.007663
-0.00553
-0.003319
-0.000889
0.002107
0.006038
0.011003
0.01676
0.022881
0.028974
0.034818
0.040384
0.045763
0.051072
0.056288
0.060875
0.06349
0.062463
0.056883
0.047255
0.035174
0.022449
0.01041
-0.000145
-0.008662
-0.014782
-0.01859
-0.020687
-0.021935
-0.023096
-0.024592
-0.026543
-0.029062
-0.032523
-0.037424
-0.043919
-0.051345
-0.058052
-0.061934
-0.061573
-0.057042
-0.049717
-0.041408
-0.033511
-0.026638
-0.020812
-0.01593
-0.012053
-0.009299
-0.007596
-0.006638
-0.006006
-0.005357
-0.004536
-0.00362
-0.002879
-0.00261
-0.002952
-0.003824
-0.00505
-0.006571
-0.008548
-0.011119
-0.013898
-0.01575
-0.015319
-0.011913
-0.005904
0.001601
0.009399
0.016611
0.022575
0.026606
0.028185
0.027373
0.024861
0.021613
0.018437
0.015736
0.013521
0.011582
0.00968
0.007669
0.005525
0.003303
0.00108
-0.001092
-0.003198
-0.005252
-0.007278
-0.009295
-0.01131
-0.013281
-0.014985
-0.015902
-0.015392
-0.013112
-0.009265
-0.004476
0.000515
0.005085
0.008843
0.011683
0.013776
0.015452
0.017035
0.018724
0.020569
0.022517
0.024484
0.026404
0.028254
0.030046
0.031807
0.033558
0.035311
0.037062
0.03877
0.040255
0.041166
0.041161
0.04016
0.038402
0.036285
0.034151
0.03212
0.03009
0.027869
0.025343
0.022538
0.019579
0.01661
0.013721
0.010938
0.008237
0.005577
0.002925
0.000269
-0.002386
-0.005027
-0.007644
-0.010091
-0.011668
-0.010966
-0.006603
0.001684
0.012495
0.023003
0.030024
0.031581
0.027805
0.020538
0.012126
0.004446
-0.001191
-0.003747
-0.002622
0.001913
0.00875
0.016484
0.023924
0.030096
0.033939
0.034417
0.031135
0.024704
0.01646
0.007841
-0.000004
-0.006308
-0.010736
-0.01345
-0.015005
-0.016036
-0.016967
-0.017907
-0.018771
-0.019452
-0.019922
-0.02024
-0.020499
-0.020776
-0.021103
-0.02145
-0.021562
-0.02065
-0.017425
-0.010822
-0.000917
0.010562
0.020586
0.026214
0.026173
0.02133
0.013873
0.006038
-0.000791
-0.006252
-0.010536
-0.013749
-0.015709
-0.016221
-0.015397
-0.013681
-0.011632
-0.009684
-0.008052
-0.006829
-0.006128
-0.006087
-0.006738
-0.00794
-0.009439
-0.010986
-0.012408
-0.013524
-0.013895
-0.01279
-0.009593
-0.004278
0.002542
0.009882
0.016493
0.020993
0.022382
0.020622
0.016625
0.011698
0.00692
0.002867
-0.000211
-0.002053
-0.002372
-0.001123
0.001362
0.004505
0.007748
0.010748
0.01342
0.015859
0.018216
0.020606
0.023007
0.025045
0.025841
0.024324
0.019918
0.012951
0.004442
-0.004346
-0.012024
-0.017035
-0.018114
-0.015015
-0.008697
-0.000861
0.006592
0.011983
0.014356
0.013826
0.011371
0.008236
0.005363
0.003151
0.001548
0.000318
-0.000731
-0.001679
-0.002539
-0.003314
-0.004021
-0.004688
-0.005347
-0.006014
-0.006692
-0.007377
-0.008063
-0.008782
-0.009655
-0.010893
-0.012671
-0.015003
-0.0177
-0.020338
-0.022214
-0.02251
-0.02073
-0.017021
-0.012072
-0.006723
-0.001655
0.002584
0.005415
0.006346
0.005301
0.002729
-0.000618
-0.003965
-0.00652
-0.00743
-0.006123
-0.00289
0.000953
0.003659
0.004016
0.001899
-0.001901
-0.006279
-0.010379
-0.013844
-0.016755
-0.019298
-0.021231
-0.02165
-0.019529
-0.014538
-0.007391
0.000251
0.006196
0.008614
0.006936
0.002006
-0.004555
-0.011119
-0.016322
-0.019035
-0.01862
-0.015287
-0.010005
-0.003995
0.001799
0.006955
0.01141
0.014917
0.016694
0.015846
0.012132
0.006245
-0.000353
-0.005741
-0.00809
-0.006464
-0.001258
0.006144
0.014158
0.021669
0.02828
0.034138
0.039427
0.043753
0.046018
0.045146
0.040947
0.034278
0.026504
0.01882
0.011853
0.005645
-0.000109
-0.005767
-0.011557
-0.017524
-0.023589
-0.029518
-0.034625
-0.037667
-0.037468
-0.033778
-0.027448
-0.019893
-0.012381
-0.005593
0.000401
0.005909
0.011307
0.016783
0.022082
0.026395
0.028765
0.028853
0.027324
0.025418
0.024122
0.023613
0.023282
0.022287
0.020142
0.016923
0.013089
0.009161
0.00548
0.002138
-0.000959
-0.003963
-0.006993
-0.010081
-0.013096
-0.015622
-0.016998
-0.016689
-0.014665
-0.011418
-0.007705
-0.004377
-0.002413
-0.002793
-0.006026
-0.011757
-0.018738
-0.025084
-0.028894
-0.029106
-0.025962
-0.020703
-0.014812
-0.009356
-0.004733
-0.000794
0.002774
0.00594
0.008054
0.008209
0.006016
0.002162
-0.001689
-0.003736
-0.003016
0.000231
0.004954
0.009926
0.014089
0.016563
0.016725
0.014514
0.010694
0.006733
0.004198
0.003996
0.00603
0.00946
0.013273
0.016749
0.019623
0.021902
0.023482
0.023964
0.022923
0.020305
0.016522
0.012213
0.007929
0.003947
0.000272
-0.00324
-0.006744
-0.010323
-0.013977
-0.017659
-0.021315
-0.024912
-0.028432
-0.031775
-0.034589
-0.036265
-0.036289
-0.034624
-0.031745
-0.028352
-0.025034
-0.022084
-0.019503
-0.017133
-0.014794
-0.012388
-0.009949
-0.007627
-0.005597
-0.003945
-0.002622
-0.00149
-0.000404
0.00073
0.001937
0.003193
0.004429
0.005457
0.005896
0.005292
0.003412
0.000409
-0.003265
-0.007107
-0.010771
-0.014135
-0.017261
-0.020278
-0.023301
-0.026367
-0.029361
-0.031895
-0.033342
-0.033195
-0.031421
-0.028485
-0.025066
-0.021729
-0.018752
-0.016133
-0.013714
-0.011324
-0.008909
-0.006719
-0.005362
-0.005513
-0.007451
-0.010877
-0.015112
-0.019469
-0.023484
-0.026835
-0.029067
-0.029557
-0.027889
-0.024243
-0.019423
-0.014535
-0.010509
-0.007731
-0.006017
-0.004864
-0.003771
-0.002443
-0.000831
0.000954
0.002764
0.004465
0.005881
0.006738
0.006792
0.006007
0.004601
0.002911
0.001236
-0.000267
-0.001586
-0.002793
-0.003938
-0.004884
-0.005217
-0.004455
-0.002391
0.000766
0.004522
0.008373
0.011996
0.015262
0.01801
0.019856
0.020333
0.019255
0.016894
0.013825
0.010675
0.008033
0.006432
0.006207
0.007299
0.009289
0.011628
0.013839
0.015496
0.01613
0.015338
0.013043
0.009585
0.005543
0.001453
-0.002367
-0.005841
-0.008934
-0.011323
-0.012327
-0.011319
-0.008233
-0.003632
0.001626
0.006803
0.011525
0.015777
0.019695
0.023195
0.025682
0.02628
0.024448
0.020474
0.015551
0.011395
0.009432
0.010101
0.01281
0.01646
0.020028
0.022832
0.024462
0.024717
0.023667
0.021705
0.019417
0.01732
0.015678
0.014471
0.013511
0.012589
0.011577
0.010446
0.00924
0.008094
0.007398
0.007867
0.010178
0.014474
0.020268
0.026746
0.033181
0.039086
0.043955
0.047014
0.047552
0.045485
0.041487
0.036602
0.031751
0.027422
0.02366
0.020253
0.016954
0.013628
0.010263
0.00691
0.003623
0.000421
-0.002708
-0.005792
-0.008856
-0.011911
-0.014931
-0.017738
-0.019867
-0.020666
-0.019684
-0.017011
-0.013247
-0.009291
-0.006069
-0.004224
-0.00387
-0.004629
-0.005894
-0.007137
-0.008087
-0.008735
-0.009264
-0.009938
-0.010974
-0.012422
-0.014061
-0.015295
-0.015258
-0.013274
-0.009292
-0.003895
0.002073
0.007911
0.013282
0.01815
0.022466
0.02586
0.027731
0.027705
0.025955
0.023119
0.019947
0.016984
0.014495
0.012684
0.01191
0.01254
0.01462
0.017714
0.020889
0.022917
0.02282
0.020397
0.01625
0.01135
0.006538
0.002242
-0.001523
-0.00498
-0.008385
-0.011894
-0.015534
-0.019246
-0.022949
-0.026537
-0.029751
-0.032116
-0.033177
-0.032837
-0.031438
-0.029539
-0.02767
-0.026237
-0.025589
-0.026003
-0.027545
-0.029991
-0.032934
-0.035966
-0.038831
-0.041457
-0.043851
-0.045783
-0.046422
-0.044497
-0.0391
-0.030368
-0.019408
-0.007719
0.00327
0.012331
0.018624
0.022009
0.023123
0.023039
0.022766
0.022905
0.023595
0.024701
0.026082
0.027728
0.029629
0.031422
0.032254
0.031228
0.028027
0.023108
0.017471
0.012369
0.008985
0.007984
0.009211
0.011773
0.014363
0.015697
0.015017
0.012366
0.008426
0.004066
-0.000064
-0.003703
-0.00692
-0.009938
-0.012962
-0.016097
-0.019336
-0.022618
-0.025854
-0.028843
-0.031039
-0.031554
-0.029654
-0.025306
-0.019215
-0.012402
-0.005723
0.000402
0.005884
0.010512
0.013642
0.014544
0.013029
0.009642
0.005341
0.00101
-0.002853
-0.006174
-0.009149
-0.012039
-0.015017
-0.018131
-0.021333
-0.024461
-0.027027
-0.028091
-0.026657
-0.022357
-0.015717
-0.007826
0.00023
0.007779
0.014661
0.021068
0.027305
0.033597
0.040024
0.046483
0.052489
0.056904
0.058185
0.055302
0.048478
0.039057
0.02874
0.018931
0.010718
0.005089
0.002689
0.00337
0.006183
0.009875
0.013398
0.016105
0.017616
0.017732
0.016494
0.014233
0.011439
0.008567
0.00589
0.003471
0.001235
-0.000937
-0.003144
-0.005469
-0.008021
-0.01092
-0.01422
-0.01786
-0.021689
-0.025547
-0.029325
-0.032986
-0.03655
-0.040058
-0.043472
-0.046414
-0.048035
-0.047397
-0.044126
-0.038679
-0.032051
-0.025249
-0.018902
-0.013166
-0.007915
-0.003108
0.000988
0.003978
0.00571
0.006424
0.0066
0.006707
0.007027
0.007644
0.008535
0.009663
0.011003
0.012499
0.014013
0.015284
0.015985
0.015904
0.015078
0.013762
0.012277
0.010866
0.009632
0.008601
0.007951
0.00822
0.010111
0.01386
0.018668
0.022848
0.024765
0.023786
0.020452
0.015954
0.01143
0.007531
0.004372
0.001754
-0.000598
-0.002886
-0.005207
-0.007567
-0.009934
-0.012274
-0.014568
-0.016819
-0.019037
-0.021223
-0.02336
-0.025423
-0.027399
-0.029296
-0.03114
-0.03293
-0.034506
-0.035382
-0.034859
-0.032449
-0.028237
-0.022829
-0.017003
-0.011392
-0.00646
-0.002718
-0.000761
-0.000942
-0.003058
-0.006421
-0.010207
-0.013786
-0.016843
-0.019299
-0.021229
-0.022792
-0.024174
-0.025516
-0.026795
-0.02769
-0.027616
-0.026069
-0.022995
-0.018831
-0.014274
-0.009984
-0.006348
-0.003397
-0.000904
0.00143
0.003848
0.006539
0.009726
0.01364
0.01838
0.023813
0.029637
0.035436
0.040496
0.043674
0.043837
0.040608
0.034647
0.027243
0.019661
0.012666
0.006433
0.000727
-0.004804
-0.010394
-0.015889
-0.020435
-0.022581
-0.02112
-0.015941
-0.008147
0.000386
0.007592
0.011885
0.012757
0.010861
0.007511
0.003977
0.001017
-0.001166
-0.002593
-0.003168
-0.002704
-0.001175
0.001173
0.003926
0.006703
0.009249
0.011365
0.012803
0.013354
0.013017
0.012043
0.010851
0.009961
0.00989
0.010945
0.01307
0.015898
0.018966
0.021921
0.024617
0.02708
0.029425
0.031761
0.034146
0.036522
0.038537
0.039394
0.038129
0.034231
0.028004
0.020377
0.012394
0.004779
-0.002217
-0.008714
-0.014986
-0.021269
-0.027666
-0.03416
-0.040647
-0.046841
-0.05201
-0.054997
-0.054862
-0.05157
-0.04603
-0.039555
-0.033249
-0.027696
-0.023001
-0.018982
-0.015355
-0.011861
-0.008343
-0.004754
-0.00112
0.002509
0.006091
0.009546
0.012564
0.014516
0.014788
0.013234
0.010288
0.006685
0.003091
-0.00013
-0.002924
-0.005312
-0.007047
-0.00751
-0.006111
-0.002769
0.002
0.007397
0.012684
0.017235
0.020307
0.02105
0.018965
0.014315
0.008025
0.001195
-0.005355
-0.011292
-0.016694
-0.02183
-0.026824
-0.031143
-0.033446
-0.032344
-0.027439
-0.019585
-0.010342
-0.001271
0.006495
0.012428
0.016623
0.019633
0.022153
0.024721
0.027565
0.03051
0.032873
0.033611
0.031897
0.027675
0.021676
0.014954
0.008387
0.002397
-0.003026
-0.00813
-0.013181
-0.018338
-0.023621
-0.028963
-0.034277
-0.039507
-0.044539
-0.048832
-0.051094
-0.049709
-0.043801
-0.033882
-0.021617
-0.009207
0.001265
0.008547
0.012645
0.014585
0.015719
0.017044
0.018893
0.021064
0.023171
0.024945
0.026342
0.02749
0.028565
0.029656
0.030605
0.03095
0.030159
0.028002
0.024699
0.020767
0.016738
0.012949
0.009488
0.006265
0.003132
-0.000025
-0.003213
-0.006224
-0.008608
-0.009883
-0.009859
-0.00876
-0.007076
-0.0053
-0.003756
-0.002637
-0.002179
-0.002703
-0.004419
-0.007232
-0.010762
-0.014538
-0.018133
-0.021051
-0.022623
-0.022284
-0.019981
-0.016241
-0.011864
-0.00754
-0.003626
-0.000146
0.003077
0.006247
0.009492
0.012823
0.016167
0.019422
0.022522
0.025465
0.028296
0.031077
0.033851
0.036635
0.039423
0.042198
0.044931
0.047497
0.049492
0.050249
0.049212
0.046346
0.042173
0.037454
0.03283
0.028614
0.024807
0.021235
0.017704
0.014097
0.010397
0.006652
0.002922
-0.00076
-0.004437
-0.008232
-0.012269
-0.016592
-0.021131
-0.025758
-0.030354
-0.034851
-0.039208
-0.043242
-0.04642
-0.047959
-0.047308
-0.044566
-0.040426
-0.035785
-0.031335
-0.027375
-0.023859
-0.02057
-0.017291
-0.013908
-0.010426
-0.007009
-0.004066
-0.002206
-0.00191
-0.003191
-0.005587
-0.008442
-0.011212
-0.013585
-0.015313
-0.015994
-0.01519
-0.012761
-0.009022
-0.004582
-0.000043
0.004229
0.008205
0.012195
0.016659
0.021735
0.026927
0.031395
0.034561
0.036429
0.037462
0.038244
0.039129
0.039907
0.039784
0.037885
0.033898
0.028248
0.02178
0.015307
0.009354
0.004216
0.000088
-0.002957
-0.005062
-0.00656
-0.00783
-0.009154
-0.010648
-0.012299
-0.014059
-0.015923
-0.017922
-0.020076
-0.022355
-0.024697
-0.027037
-0.029332
-0.03157
-0.033763
-0.035927
-0.038079
-0.040223
-0.042296
-0.04399
-0.044689
-0.043791
-0.041153
-0.037188
-0.032603
-0.028037
-0.023838
-0.020043
-0.016502
-0.013025
-0.009488
-0.005861
-0.002183
0.001487
0.005067
0.008337
0.010815
0.011913
0.011318
0.009229
0.006235
0.002996
-0.000026
-0.002651
-0.004828
-0.006386
-0.006983
-0.006349
-0.004538
-0.001924
0.000993
0.003821
0.006379
0.008671
0.010714
0.012295
0.012923
0.012137
0.009875
0.00653
0.002711
-0.001055
-0.004497
-0.007602
-0.010506
-0.013368
-0.016286
-0.019278
-0.02231
-0.025279
-0.027856
-0.029338
-0.028873
-0.026013
-0.021041
-0.014799
-0.008229
-0.001987
0.003702
0.008946
0.013993
0.01899
0.023678
0.027197
0.028433
0.026753
0.022446
0.016526
0.01016
0.004172
-0.001144
-0.005915
-0.010446
-0.015003
-0.019709
-0.024414
-0.028376
-0.030187
-0.028506
-0.02302
-0.014645
-0.004932
0.004728
0.013579
0.021546
0.028963
0.036113
0.042609
0.047184
0.048452
0.045971
0.04054
0.033656
0.026724
0.020539
0.01522
0.010454
0.005825
0.001053
-0.00388
-0.008603
-0.012347
-0.014314
-0.014192
-0.012351
-0.00958
-0.006723
-0.004528
-0.003634
-0.00441
-0.006758
-0.010159
-0.013952
-0.017622
-0.020941
-0.023888
-0.026394
-0.02813
-0.028651
-0.027755
-0.025665
-0.022902
-0.020006
-0.017329
-0.014973
-0.012853
-0.010821
-0.00876
-0.006625
-0.004431
-0.00223
-0.000086
0.001929
0.003766
0.005426
0.006958
0.008429
0.009895
0.011382
0.012889
0.0144
0.015898
0.017373
0.018823
0.020251
0.021663
0.023062
0.024451
0.02583
0.027198
0.028554
0.029897
0.031203
0.032331
0.032949
0.032645
0.031198
0.028736
0.025661
0.022462
0.019651
0.017758
0.017193
0.018018
0.0199
0.022242
0.024275
0.025158
0.024297
0.021663
0.017776
0.013381
0.00909
0.0052
0.001714
-0.001426
-0.004024
-0.005554
-0.005496
-0.00377
-0.000809
0.002705
0.006174
0.009289
0.011977
0.014137
0.015436
0.015484
0.014193
0.011919
0.009313
0.007015
0.005382
0.00441
0.00385
0.003394
0.002834
0.002083
0.00106
-0.000492
-0.002989
-0.006739
-0.011687
-0.017432
-0.023455
-0.029346
-0.034856
-0.039642
-0.043043
-0.044324
-0.043217
-0.040157
-0.036093
-0.032203
-0.029621
-0.029054
-0.030485
-0.033279
-0.036531
-0.039322
-0.040811
-0.040441
-0.038186
-0.034554
-0.030294
-0.026055
-0.022181
-0.018704
-0.015469
-0.012289
-0.009065
-0.005886
-0.003064
-0.000996
0.000092
0.000293
-0.000055
-0.000565
-0.000981
-0.001273
-0.001597
-0.002148
-0.003022
-0.004172
-0.005418
-0.006373
-0.006414
-0.004934
-0.00173
0.00286
0.008173
0.01356
0.018627
0.023291
0.02767
0.031949
0.03626
0.040571
0.044422
0.046731
0.046184
0.042077
0.034812
0.025643
0.015999
0.007029
-0.000365
-0.005408
-0.00769
-0.007479
-0.00564
-0.003213
-0.001007
0.000487
0.000952
0.000171
-0.001866
-0.004886
-0.008439
-0.012087
-0.015553
-0.018763
-0.02178
-0.024718
-0.02762
-0.030251
-0.031962
-0.031932
-0.029705
-0.025514
-0.020186
-0.014896
-0.010911
-0.00916
-0.009824
-0.012277
-0.015347
-0.017724
-0.018449
-0.017277
-0.014655
-0.011363
-0.008097
-0.005225
-0.00278
-0.000607
0.001412
0.003232
0.004706
0.005748
0.006412
0.006855
0.007252
0.007738
0.008416
0.009355
0.010575
0.012026
0.013606
0.015213
0.016777
0.018274
0.019717
0.021132
0.022542
0.023949
0.0253
0.026414
0.026994
0.026794
0.025799
0.024236
0.022435
0.020688
0.019207
0.018154
0.017633
0.017628
0.018
0.01855
0.019105
0.019557
0.01982
0.019768
0.019271
0.018293
0.016939
0.01545
0.014137
0.013275
0.012981
0.013171
0.013633
0.014109
0.014247
0.013559
0.011585
0.008192
0.003674
-0.00142
-0.006561
-0.011434
-0.015973
-0.020277
-0.02446
-0.028395
-0.031486
-0.032811
-0.031707
-0.028254
-0.023219
-0.017652
-0.012534
-0.00861
-0.006221
-0.005215
-0.005077
-0.005216
-0.005211
-0.004905
-0.004334
-0.003565
-0.002561
-0.00122
0.000502
0.002538
0.004737
0.006949
0.009081
0.01111
0.013063
0.014983
0.016901
0.018796
0.020491
0.021602
0.021714
0.020663
0.018653
0.016123
0.013517
0.011108
0.008966
0.007012
0.005123
0.003206
0.001229
-0.000793
-0.00282
-0.004821
-0.006783
-0.008707
-0.010569
-0.012186
-0.013146
-0.012992
-0.011542
-0.009022
-0.00592
-0.002731
0.000237
0.002905
0.005359
0.007736
0.010128
0.01246
0.014338
0.015094
0.014166
0.011507
0.007604
0.003187
-0.001098
-0.004853
-0.007938
-0.010423
-0.012511
-0.014436
-0.016369
-0.018387
-0.020474
-0.022531
-0.024333
-0.025561
-0.025971
-0.025561
-0.024573
-0.023349
-0.022167
-0.021133
-0.020162
-0.019032
-0.017542
-0.015635
-0.013413
-0.011055
-0.008723
-0.0065
-0.004391
-0.002354
-0.000377
0.001367
0.002448
0.002378
0.000954
-0.001594
-0.004759
-0.00802
-0.011051
-0.013759
-0.016161
-0.01816
-0.019464
-0.019778
-0.01906
-0.017578
-0.015751
-0.01396
-0.012486
-0.011528
-0.011199
-0.01147
-0.012169
-0.013062
-0.013951
-0.014738
-0.015435
-0.016136
-0.016949
-0.017932
-0.019019
-0.019885
-0.019846
-0.018099
-0.014223
-0.008468
-0.00159
0.005563
0.012408
0.018742
0.024668
0.030306
0.035322
0.03866
0.039061
0.03597
0.02995
0.022303
0.014376
0.007029
0.000489
-0.00536
-0.010383
-0.01384
-0.01483
-0.013064
-0.009123
-0.004094
0.000995
0.005553
0.009432
0.012593
0.014779
0.015589
0.014842
0.012791
0.009998
0.00705
0.004331
0.001954
-0.000167
-0.002191
-0.004213
-0.006122
-0.007552
-0.008071
-0.007486
-0.005969
-0.003933
-0.001807
0.000136
0.001824
0.003292
0.004484
0.005134
0.004926
0.003762
0.001846
-0.000443
-0.002746
-0.004859
-0.006747
-0.008489
-0.01019
-0.011861
-0.013219
-0.013585
-0.012203
-0.008767
-0.003627
0.002434
0.008627
0.014456
0.019782
0.024627
0.028831
0.031921
0.033425
0.033278
0.031909
0.029977
0.028015
0.026154
0.024129
0.021554
0.018238
0.014295
0.010027
0.005746
0.001641
-0.002246
-0.00598
-0.009651
-0.013328
-0.017031
-0.020746
-0.024389
-0.027616
-0.029661
-0.029589
-0.026902
-0.021902
-0.015507
-0.008748
-0.00234
0.003429
0.008499
0.012778
0.016143
0.018613
0.020415
0.021885
0.023325
0.024898
0.026626
0.028444
0.030265
0.032031
0.033729
0.035374
0.036983
0.038506
0.03976
0.040471
0.040444
0.039708
0.038496
0.037109
0.035777
0.034597
0.033546
0.03255
0.031542
0.030481
0.029295
0.027748
0.025428
0.021986
0.017398
0.011994
0.00626
0.000605
-0.004767
-0.009856
-0.01477
-0.019629
-0.024468
-0.029194
-0.033631
-0.037635
-0.041138
-0.043943
-0.045536
-0.045302
-0.043011
-0.039036
-0.034145
-0.02911
-0.024415
-0.020185
-0.016289
-0.012514
-0.008697
-0.00478
-0.000791
0.003207
0.007156
0.011033
0.014842
0.018601
0.022331
0.026041
0.029732
0.033358
0.036653
0.038908
0.039119
0.036599
0.031478
0.024635
0.01719
0.010006
0.003451
-0.002527
-0.008143
-0.013456
-0.018261
-0.022269
-0.025386
-0.027793
-0.029831
-0.031826
-0.033932
-0.036021
-0.03765
-0.038258
-0.037532
-0.035599
-0.032926
-0.030053
-0.027358
-0.024974
-0.022866
-0.021028
-0.019607
-0.018814
-0.018721
-0.019189
-0.019944
-0.020726
-0.021382
-0.021882
-0.02228
-0.02265
-0.023047
-0.023487
-0.023927
-0.024175
-0.023814
-0.02234
-0.019491
-0.015427
-0.010638
-0.00567
-0.000901
0.003536
0.007706
0.011736
0.015613
0.01893
0.020909
0.020866
0.018717
0.015037
0.010697
0.006442
0.002646
-0.00068
-0.003736
-0.00668
-0.009316
-0.010991
-0.010993
-0.009089
-0.005686
-0.001547
0.002611
0.006383
0.009707
0.012744
0.015644
0.018214
0.019694
0.019053
0.015692
0.009871
0.002535
-0.005219
-0.012612
-0.019358
-0.025574
-0.031546
-0.037525
-0.04354
-0.049078
-0.05288
-0.053404
-0.049817
-0.042576
-0.033122
-0.023106
-0.013844
-0.006328
-0.001373
0.000615
-0.000051
-0.002431
-0.005419
-0.008188
-0.010391
-0.011991
-0.012743
-0.011878
-0.008527
-0.002448
0.00574
0.014946
0.024151
0.032784
0.040758
0.048299
0.055674
0.062812
0.06885
0.072202
0.071498
0.066583
0.058618
0.04935
0.040266
0.032109
0.024894
0.018219
0.011633
0.004865
-0.002131
-0.009248
-0.016343
-0.023298
-0.029934
-0.035763
-0.039973
-0.041885
-0.041466
-0.039373
-0.036554
-0.033723
-0.031039
-0.028167
-0.024653
-0.020297
-0.01525
-0.009869
-0.004503
0.000643
0.005539
0.010263
0.01492
0.019584
0.024274
0.028973
0.033648
0.038272
0.042836
0.047241
0.050985
0.053042
0.0524
0.048815
0.042982
0.036094
0.029226
0.022969
0.01739
0.012233
0.007179
0.002018
-0.0033
-0.008711
-0.014114
-0.019349
-0.023936
-0.026911
-0.027233
-0.024508
-0.019287
-0.012717
-0.005998
-0.000098
0.004259
0.006675
0.007234
0.00648
0.005141
0.003823
0.002834
0.002191
0.001752
0.001416
0.001319
0.001844
0.00337
0.005974
0.009365
0.012993
0.016191
0.018359
0.019214
0.018907
0.017898
0.016699
0.015661
0.014902
0.014396
0.014174
0.014458
0.015531
0.01748
0.020081
0.02279
0.024854
0.025619
0.024873
0.022918
0.020344
0.017726
0.015453
0.01378
0.012917
0.012972
0.01385
0.015264
0.016872
0.018393
0.019585
0.020157
0.019811
0.018422
0.016152
0.013369
0.010467
0.007709
0.005182
0.002834
0.000565
-0.001712
-0.004034
-0.006391
-0.008753
-0.011071
-0.013204
-0.014806
-0.015395
-0.014643
-0.012618
-0.009751
-0.006589
-0.00355
-0.000815
0.001601
0.003601
0.004851
0.004963
0.00383
0.001729
-0.000847
-0.003439
-0.005787
-0.007851
-0.009731
-0.011563
-0.013437
-0.015379
-0.017364
-0.019351
-0.021306
-0.023209
-0.024986
-0.026379
-0.026953
-0.026337
-0.024507
-0.021805
-0.018739
-0.015732
-0.012995
-0.01053
-0.008222
-0.005941
-0.003611
-0.001243
0.001003
0.002807
0.003838
0.003969
0.003361
0.002352
0.001305
0.00054
0.000332
0.00084
0.002023
0.003658
0.00546
0.007209
0.008799
0.010189
0.011275
0.011839
0.011679
0.010783
0.009353
0.007691
0.006055
0.004591
0.003387
0.002573
0.002316
0.002698
0.003635
0.004907
0.006272
0.00751
0.008323
0.008251
0.006882
0.004157
0.000428
-0.003753
-0.007897
-0.011747
-0.015284
-0.018625
-0.021918
-0.025253
-0.02865
-0.032078
-0.035492
-0.038859
-0.042168
-0.045427
-0.04865
-0.051772
-0.054395
-0.055648
-0.054574
-0.050796
-0.04479
-0.037579
-0.030296
-0.024087
-0.020128
-0.019237
-0.021364
-0.025607
-0.030718
-0.035678
-0.039996
-0.043665
-0.046813
-0.049231
-0.050232
-0.049116
-0.045761
-0.040738
-0.034963
-0.029243
-0.024005
-0.019282
-0.014872
-0.010533
-0.006103
-0.001477
0.003535
0.009259
0.015979
0.023699
0.032119
0.040804
0.04939
0.057694
0.065685
0.073189
0.079413
0.08291
0.082432
0.077871
0.070362
0.061595
0.053002
0.045298
0.038499
0.032217
0.02602
0.019646
0.013051
0.006338
-0.000307
-0.006478
-0.01131
-0.013634
-0.012674
-0.008618
-0.00254
0.004066
0.009635
0.012815
0.012915
0.010211
0.005736
0.000699
-0.00402
-0.008079
-0.011581
-0.014829
-0.0181
-0.021526
-0.025084
-0.028539
-0.031315
-0.032548
-0.031556
-0.02832
-0.023498
-0.018031
-0.012695
-0.007864
-0.003531
0.000523
0.004536
0.008645
0.012869
0.017149
0.021409
0.025599
0.029687
0.033532
0.036631
0.038123
0.037282
0.034056
0.029118
0.023461
0.017919
0.012904
0.00842
0.004288
0.000488
-0.002662
-0.004722
-0.00552
-0.005295
-0.004534
-0.003725
-0.003207
-0.00316
-0.003622
-0.004508
-0.005652
-0.006878
-0.008062
-0.009157
-0.010173
-0.011151
-0.012126
-0.013117
-0.014189
-0.015679
-0.018329
-0.022829
-0.028871
-0.034775
-0.038415
-0.0386
-0.035635
-0.030846
-0.02571
-0.021198
-0.017578
-0.014612
-0.011921
-0.009303
-0.00682
-0.004652
-0.002903
-0.001525
-0.000361
0.000757
0.001935
0.003194
0.004484
0.005731
0.006877
0.007915
0.008872
0.009794
0.010717
0.011657
0.01261
0.01357
0.014554
0.015663
0.017068
0.01892
0.021231
0.023868
0.026595
0.029018
0.030516
0.03042
0.028416
0.024764
0.020143
0.015291
0.010708
0.006556
0.002743
-0.000905
-0.004409
-0.007451
-0.009467
-0.010022
-0.009131
-0.007248
-0.004984
-0.002828
-0.001002
0.000518
0.001879
0.003234
0.004667
0.006184
0.007704
0.008967
0.009491
0.008773
0.006631
0.003328
-0.000592
-0.004589
-0.008332
-0.011743
-0.01492
-0.018012
-0.021134
-0.024322
-0.027543
-0.030635
-0.033176
-0.034506
-0.034094
-0.031919
-0.02849
-0.024544
-0.020692
-0.017231
-0.014157
-0.011302
-0.008478
-0.005577
-0.002582
0.000433
0.003252
0.005465
0.006603
0.006432
0.005113
0.003108
0.000925
-0.001086
-0.002809
-0.00429
-0.005579
-0.00659
-0.007122
-0.007034
-0.006373
-0.005398
-0.004495
-0.00402
-0.004141
-0.004786
-0.005733
-0.006727
-0.007556
-0.008056
-0.008133
-0.007803
-0.007185
-0.006443
-0.005739
-0.005227
-0.005056
-0.005315
-0.005972
-0.006892
-0.007899
-0.008823
-0.009504
-0.009795
-0.009635
-0.009082
-0.00829
-0.007429
-0.00662
-0.005904
-0.005265
-0.004673
-0.004155
-0.003836
-0.003874
-0.004341
-0.005173
-0.00621
-0.007267
-0.00814
-0.008573
-0.008313
-0.007255
-0.005524
-0.003405
-0.001201
0.000887
0.002797
0.00457
0.006284
0.008007
0.009763
0.011547
0.013323
0.015
0.016376
0.017182
0.017239
0.016589
0.015473
0.014193
0.01298
0.011931
0.011027
0.010195
0.009363
0.008492
0.007582
0.006655
0.005736
0.004861
0.004102
0.003575
0.003368
0.003485
0.003831
0.004273
0.004701
0.005059
0.00535
0.005603
0.005852
0.006117
0.006387
0.006586
0.006551
0.006112
0.005203
0.003908
0.002406
0.000879
-0.000571
-0.001963
-0.003458
-0.00529
-0.007622
-0.010444
-0.013589
-0.016793
-0.01964
-0.021474
-0.021586
-0.01964
-0.015917
-0.011155
-0.006215
-0.00186
0.001362
0.00324
0.003962
0.003994
0.003831
0.003813
0.004052
0.004504
0.005118
0.005971
0.007242
0.009064
0.011403
0.014038
0.016552
0.018396
0.019128
0.018675
0.017351
0.015644
0.013973
0.012553
0.011391
0.010376
0.009381
0.008328
0.007204
0.006057
0.005033
0.004382
0.004359
0.005052
0.006325
0.007904
0.009521
0.011013
0.012338
0.01351
0.014484
0.015117
0.015261
0.014893
0.014145
0.013225
0.012315
0.011509
0.010816
0.010167
0.009393
0.008228
0.006438
0.00398
0.001028
-0.00214
-0.005278
-0.008222
-0.01078
-0.012649
-0.013546
-0.013429
-0.012556
-0.011331
-0.010111
-0.009068
-0.008118
-0.006969
-0.005315
-0.003038
-0.000263
0.002752
0.00576
0.00862
0.011311
0.013883
0.016386
0.018813
0.021116
0.023258
0.025209
0.026814
0.027697
0.027428
0.025836
0.023155
0.019882
0.016517
0.013377
0.010549
0.00798
0.00558
0.003284
0.001058
-0.001122
-0.00329
-0.005507
-0.007855
-0.010386
-0.013091
-0.015904
-0.018741
-0.021539
-0.024277
-0.026996
-0.029794
-0.032777
-0.035988
-0.039385
-0.04287
-0.046269
-0.049134
-0.050669
-0.050128
-0.047355
-0.042897
-0.03766
-0.032453
-0.027714
-0.023482
-0.019565
-0.015719
-0.011799
-0.007812
-0.003893
-0.000204
0.00318
0.006299
0.009264
0.012188
0.015141
0.018097
0.020826
0.02285
0.023656
0.023047
0.021273
0.018867
0.016365
0.014101
0.012153
0.010428
0.008776
0.007084
0.005313
0.003484
0.001677
0.000106
-0.000863
-0.000888
0.000099
0.001847
0.003946
0.006031
0.007893
0.00946
0.010711
0.011644
0.012304
0.012782
0.013182
0.013587
0.014035
0.014525
0.015034
0.015539
0.016026
0.016467
0.016725
0.016502
0.015467
0.013526
0.01103
0.008736
0.007445
0.007552
0.008896
0.010943
0.013119
0.015054
0.016647
0.017993
0.019256
0.020561
0.021949
0.023351
0.024551
0.025229
0.025132
0.024248
0.022808
0.021151
0.019618
0.018526
0.018135
0.018548
0.01965
0.021161
0.022758
0.024119
0.024895
0.024777
0.023654
0.021701
0.019281
0.016768
0.014402
0.012254
0.010271
0.008366
0.006538
0.004905
0.003626
0.002767
0.002252
0.00192
0.001613
0.001236
0.00077
0.000247
-0.000286
-0.000824
-0.001495
-0.002586
-0.004382
-0.006962
-0.010142
-0.0136
-0.01704
-0.020302
-0.023364
-0.026297
-0.029187
-0.032092
-0.035028
-0.037945
-0.040624
-0.042519
-0.042878
-0.041191
-0.037564
-0.032654
-0.0273
-0.022141
-0.017459
-0.013252
-0.009443
-0.006014
-0.002984
-0.000327
0.002057
0.004307
0.006539
0.008814
0.011138
0.013455
0.015581
0.01714
0.017688
0.016996
0.015212
0.012772
0.01016
0.007713
0.005545
0.003623
0.001941
0.000638
-0.000095
-0.000189
0.000227
0.000901
0.001553
0.001905
0.001698
0.000786
-0.000774
-0.002754
-0.004876
-0.006929
-0.008826
-0.010583
-0.012284
-0.014072
-0.016139
-0.018642
-0.021598
-0.02486
-0.028131
-0.031022
-0.033208
-0.034591
-0.035337
-0.035754
-0.036133
-0.036632
-0.037198
-0.037551
-0.037299
-0.03617
-0.034187
-0.031637
-0.028891
-0.026236
-0.023795
-0.021546
-0.019396
-0.017254
-0.015073
-0.012852
-0.010617
-0.008399
-0.006247
-0.004342
-0.003053
-0.002786
-0.003697
-0.005576
-0.007965
-0.010336
-0.012181
-0.013106
-0.012962
-0.011917
-0.01035
-0.008657
-0.007103
-0.00577
-0.004611
-0.003568
-0.002707
-0.002244
-0.002399
-0.003204
-0.004415
-0.005578
-0.006224
-0.006105
-0.005283
-0.004036
-0.002687
-0.001455
-0.000411
0.000479
0.001245
0.001798
0.001941
0.001507
0.000502
-0.000901
-0.002459
-0.003937
-0.005057
-0.005446
-0.004794
-0.003073
-0.000571
0.002274
0.005087
0.007669
0.009952
0.011867
0.013283
0.014099
0.014352
0.014222
0.013942
0.013694
0.01356
0.013536
0.013565
0.013592
0.013586
0.013541
0.013456
0.013327
0.013147
0.012918
0.012651
0.012369
0.012089
0.011819
0.011562
0.011312
0.011064
0.010814
0.010544
0.010223
0.009807
0.009276
0.008643
0.007949
0.007242
0.006554
0.005897
0.005265
0.004649
0.00404
0.003433
0.002828
0.002227
0.00163
0.001063
0.000638
0.000583
0.001121
0.002306
0.003983
0.00589
0.007789
0.009548
0.01115
0.012629
0.01401
0.015286
0.01645
0.017512
0.018506
0.019471
0.020441
0.021447
0.022516
0.023663
0.024881
0.026141
0.027401
0.028573
0.029481
0.029892
0.029651
0.028798
0.027541
0.026144
0.024807
0.023615
0.022551
0.02155
0.020547
0.019499
0.018394
0.017242
0.016065
0.014886
0.01372
0.012574
0.011447
0.010331
0.009223
0.008124
0.007069
0.006173
0.005629
0.005595
0.006083
0.006944
0.007962
0.008948
0.009749
0.010153
0.009856
0.008618
0.006453
0.003639
0.000564
-0.002451
-0.005258
-0.00788
-0.010455
-0.013096
-0.015738
-0.018101
-0.019879
-0.020955
-0.021462
-0.021678
-0.021859
-0.022106
-0.022326
-0.022333
-0.022
-0.021336
-0.020461
-0.019527
-0.018644
-0.017852
-0.017134
-0.016464
-0.015887
-0.015555
-0.015661
-0.016288
-0.017356
-0.018669
-0.020024
-0.02129
-0.022424
-0.02339
-0.024008
-0.023931
-0.02285
-0.020736
-0.017876
-0.014698
-0.011567
-0.008682
-0.00612
-0.003957
-0.002295
-0.001182
-0.000539
-0.000184
0.000081
0.000397
0.000812
0.001307
0.00184
0.002416
0.003129
0.004123
0.00549
0.0072
0.009093
0.010877
0.012153
0.012604
0.012176
0.011102
0.009742
0.008409
0.007261
0.006305
0.00546
0.004631
0.00376
0.002833
0.001848
0.000786
-0.000386
-0.001683
-0.003083
-0.004539
-0.005998
-0.007427
-0.008817
-0.010175
-0.011514
-0.012839
-0.0141
-0.015108
-0.01555
-0.015163
-0.013927
-0.012084
-0.009986
-0.007932
-0.006072
-0.00444
-0.00303
-0.001847
-0.000887
-0.000112
0.000547
0.001165
0.001795
0.002456
0.003143
0.003837
0.004523
0.005192
0.005845
0.006488
0.007125
0.007752
0.008318
0.008687
0.008661
0.008107
0.007049
0.005657
0.004148
0.00269
0.001355
0.000132
-0.001035
-0.002196
-0.00338
-0.004586
-0.005802
-0.007008
-0.008195
-0.00935
-0.010419
-0.011278
-0.011795
-0.011914
-0.011705
-0.011316
-0.010896
-0.010538
-0.010265
-0.010051
-0.009857
-0.009649
-0.009417
-0.009197
-0.009147
-0.009579
-0.010789
-0.012846
-0.015547
-0.018534
-0.021411
-0.023734
-0.025029
-0.024988
-0.02368
-0.021533
-0.019155
-0.01714
-0.015894
-0.015513
-0.015804
-0.016423
-0.017059
-0.017516
-0.017631
-0.017147
-0.015752
-0.013285
-0.009891
-0.005942
-0.001872
0.001945
0.005221
0.007799
0.009706
0.011138
0.012354
0.01357
0.014892
0.016322
0.017807
0.019269
0.02058
0.02148
0.021629
0.0208
0.019053
0.016703
0.014147
0.011685
0.009444
0.007401
0.005473
0.003667
0.002201
0.001456
0.001723
0.002982
0.004919
0.007099
0.00913
0.01072
0.011716
0.012128
0.012114
0.011898
0.011672
0.011539
0.011512
0.011547
0.011592
0.01161
0.011595
0.011557
0.011514
0.011497
0.011565
0.011811
0.012307
0.013055
0.013979
0.014974
0.015944
0.016818
0.017529
0.018029
0.018316
0.018442
0.018488
0.018526
0.018596
0.018705
0.018838
0.018973
0.019099
0.019199
0.019224
0.019062
0.018588
0.017754
0.016624
0.015335
0.014023
0.012777
0.011616
0.010519
0.009446
0.008368
0.007275
0.006172
0.00507
0.00398
0.002905
0.001846
0.000799
-0.000237
-0.001234
-0.002091
-0.002643
-0.00275
-0.002401
-0.001726
-0.000912
-0.000119
0.000575
0.00117
0.00171
0.002242
0.002795
0.003374
0.003953
0.00445
0.004719
0.004624
0.004137
0.003353
0.002433
0.00152
0.000693
-0.000009
-0.000544
-0.000839
-0.000847
-0.000586
-0.000146
0.000359
0.000843
0.001267
0.001635
0.001963
0.002211
0.002265
0.001997
0.001368
0.00046
-0.000585
-0.001631
-0.002602
-0.003486
-0.004315
-0.00513
-0.005973
-0.006886
-0.007907
-0.009046
-0.010279
-0.011562
-0.012847
-0.014106
-0.015328
-0.016512
-0.017603
-0.018431
-0.018745
-0.018366
-0.017326
-0.015842
-0.014201
-0.012621
-0.011198
-0.009918
-0.008717
-0.007541
-0.00638
-0.005253
-0.004183
-0.00317
-0.0022
-0.00125
-0.000302
0.000624
0.001401
0.001765
0.001457
0.000415
-0.001188
-0.003039
-0.004779
-0.006054
-0.006589
-0.006311
-0.00538
-0.004099
-0.002763
-0.001553
-0.000513
0.000408
0.001291
0.002195
0.003141
0.004117
0.0051
0.006054
0.006886
0.0074
0.007358
0.006635
0.005311
0.003627
0.001848
0.00016
-0.001371
-0.002776
-0.004126
-0.00548
-0.006866
-0.008279
-0.009697
-0.011102
-0.012483
-0.013839
-0.015176
-0.016501
-0.017792
-0.018925
-0.019643
-0.019693
-0.019015
-0.01778
-0.016282
-0.014787
-0.013442
-0.012262
-0.011184
-0.01013
-0.009048
-0.007935
-0.006853
-0.005932
-0.005303
-0.005016
-0.005012
-0.005161
-0.005333
-0.005451
-0.005495
-0.005489
-0.005469
-0.005462
-0.005478
-0.005511
-0.00555
-0.005585
-0.005613
-0.005634
-0.005647
-0.005615
-0.005437
-0.004965
-0.004097
-0.002852
-0.001365
0.000154
0.001483
0.002461
0.003056
0.003361
0.003528
0.003693
0.003927
0.004236
0.004588
0.004948
0.005321
0.005762
0.00635
0.007113
0.007966
0.008712
0.009135
0.00913
0.008753
0.008165
0.007537
0.006984
0.006554
0.006259
0.006093
0.006037
0.006054
0.006103
0.006153
0.00618
0.006144
0.005973
0.005587
0.004957
0.004127
0.003193
0.002245
0.001342
0.000498
-0.000304
-0.001089
-0.001876
-0.002662
-0.003386
-0.003902
-0.004033
-0.003684
-0.002909
-0.001877
-0.000776
0.00026
0.001186
0.002025
0.002817
0.00356
0.004179
0.004565
0.004663
0.00451
0.004213
0.003882
0.003595
0.003373
0.003198
0.003041
0.002876
0.002693
0.002496
0.002291
0.002073
0.001793
0.001366
0.000716
-0.000163
-0.001207
-0.002318
-0.003402
-0.004356
-0.005048
-0.005355
-0.005245
-0.004806
-0.004197
-0.003567
-0.003007
-0.002535
-0.002128
-0.001768
-0.001478
-0.001299
-0.001248
-0.001306
-0.001421
-0.001545
-0.001647
-0.00172
-0.001773
-0.00182
-0.001865
-0.001883
-0.001812
-0.001589
-0.001197
-0.000673
-0.000088
0.000496
0.001042
0.001547
0.002025
0.002495
0.002966
0.00341
0.003747
0.003858
0.003662
0.003173
0.002488
0.001734
0.001009
0.000354
-0.000237
-0.000795
-0.001351
-0.001921
-0.002506
-0.003096
-0.003683
-0.004254
-0.004772
-0.005142
-0.00523
-0.004944
-0.0043
-0.003421
-0.002458
-0.00153
-0.000689
0.000055
0.000687
0.00115
0.001387
0.001394
0.001232
0.000992
0.000756
0.000565
0.000422
0.000308
0.000199
0.000092
0.000001
-0.000049
-0.000046
0.000003
0.000077
0.000155
0.000222
0.000277
0.000323
0.000366
0.000411
0.000459
0.00051
0.000562
0.000612
0.000661
0.00071
0.000764
0.00084
0.000959
0.001138
0.001372
0.001643
0.001926
0.002202
0.002463
0.002711
0.002951
0.00319
0.00343
0.003672
0.003916
0.004167
0.004446
0.004787
0.005211
0.005714
0.00627
0.006842
0.007403
0.007941
0.008459
0.008963
0.009464
0.009966
0.010469
0.010967
0.011428
0.011755
0.011785
0.011384
0.010544
0.009391
0.008109
0.006851
0.005693
0.004634
0.003644
0.002729
0.001979
0.00152
0.001412
0.001607
0.001975
0.002381
0.002735
0.00301
0.003227
0.003424
0.003629
0.003857
0.004101
0.004351
0.004597
0.004834
0.005063
0.005285
0.005506
0.005727
0.005944
0.006135
0.006247
0.006216
0.006006
0.005639
0.005176
0.004688
0.004225
0.003813
0.003496
0.003371
0.003545
0.00406
0.004855
0.005802
0.006772
0.007683
0.008514
0.009285
0.009994
0.01055
0.010765
0.010467
0.009636
0.008416
0.007028
0.005661
0.004417
0.003323
0.002376
0.001566
0.000867
0.000243
-0.000348
-0.000939
-0.001542
-0.002157
-0.002776
-0.003396
-0.004035
-0.004751
-0.005605
-0.006625
-0.007783
-0.009012
-0.010233
-0.011335
-0.012156
-0.012542
-0.012446
-0.011967
-0.011285
-0.010578
-0.009952
-0.009428
-0.008974
-0.008542
-0.00811
-0.00771
-0.007425
-0.007333
-0.007451
-0.007726
-0.008071
-0.00841
-0.008704
-0.00895
-0.009169
-0.009376
-0.009546
-0.009572
-0.009293
-0.008594
-0.00749
-0.006126
-0.004737
-0.003597
-0.002939
-0.002845
-0.003219
-0.003851
-0.004529
-0.005121
-0.005592
-0.005978
-0.006345
-0.006751
-0.007227
-0.007773
-0.008362
-0.008975
-0.00965
-0.010502
-0.011658
-0.013154
-0.014913
-0.016796
-0.018672
-0.020457
-0.022063
-0.023252
-0.023617
-0.022813
-0.020822
-0.017983
-0.014788
-0.011651
-0.008792
-0.006281
-0.004174
-0.00255
-0.001444
-0.000782
-0.000391
-0.000087
0.000267
0.000744
0.001379
0.002174
0.003103
0.004109
0.005136
0.006144
0.007115
0.008056
0.008978
0.009894
0.010805
0.011667
0.012367
0.012742
0.012679
0.012201
0.011446
0.010592
0.009777
0.009059
0.008429
0.007843
0.007257
0.00665
0.00602
0.005381
0.004745
0.004122
0.003526
0.003025
0.002754
0.002846
0.003335
0.004127
0.00506
0.005991
0.006839
0.007596
0.008292
0.008952
0.009559
0.010068
0.010439
0.010676
0.010822
0.010933
0.011054
0.011203
0.011377
0.011561
0.011743
0.011914
0.012074
0.012228
0.01238
0.012532
0.012686
0.01284
0.012978
0.013019
0.012794
0.012118
0.010918
0.009287
0.007425
0.005534
0.003738
0.002069
0.000491
-0.001051
-0.0026
-0.004171
-0.005756
-0.007339
-0.008888
-0.010318
-0.011454
-0.012111
-0.01222
-0.011878
-0.011291
-0.010664
-0.010125
-0.009704
-0.009365
-0.009051
-0.008719
-0.008354
-0.007965
-0.00757
-0.007211
-0.006976
-0.007004
-0.007405
-0.008182
-0.009224
-0.010374
-0.011501
-0.012541
-0.013495
-0.0144
-0.01529
-0.016154
-0.016872
-0.017231
-0.017048
-0.016304
-0.015153
-0.013831
-0.012537
-0.011381
-0.01038
-0.009492
-0.00866
-0.007835
-0.006992
-0.006131
-0.005263
-0.004401
-0.003553
-0.002715
-0.001877
-0.001025
-0.000152
0.000738
0.001633
0.002524
0.003404
0.00427
0.005117
0.005913
0.00659
0.007077
0.007359
0.007483
0.007529
0.007571
0.007651
0.007773
0.00792
0.008077
0.00824
0.008421
0.008633
0.008878
0.009146
0.009423
0.009695
0.009958
0.01021
0.01045
0.01067
0.010855
0.010994
0.011086
0.011147
0.011195
0.011245
0.011304
0.011371
0.011441
0.01151
0.011575
0.011631
0.011646
0.011545
0.011233
0.010659
0.009853
0.008908
0.007926
0.006982
0.006101
0.005275
0.004494
0.003784
0.003207
0.002813
0.002601
0.002517
0.002484
0.002443
0.002364
0.002249
0.002117
0.001985
0.001865
0.001757
0.001643
0.001477
0.001189
0.000721
0.000071
-0.000707
-0.001535
-0.002347
-0.003084
-0.003654
-0.003925
-0.003788
-0.003247
-0.002421
-0.001478
-0.00056
0.000224
0.000749
0.000836
0.000347
-0.000705
-0.002149
-0.003751
-0.005319
-0.006761
-0.008078
-0.009324
-0.010557
-0.011806
-0.013042
-0.014171
-0.015078
-0.015697
-0.016056
-0.016254
-0.016403
-0.016583
-0.016822
-0.017107
-0.017409
-0.0177
-0.01797
-0.018221
-0.018453
-0.018634
-0.018678
-0.018485
-0.018015
-0.017314
-0.016488
-0.015641
-0.014843
-0.01411
-0.013424
-0.012757
-0.012084
-0.011398
-0.010703
-0.010007
-0.009318
-0.008635
-0.00795
-0.007253
-0.006539
-0.005812
-0.005081
-0.004355
-0.003638
-0.002933
-0.002236
-0.001545
-0.00086
-0.000178
0.0005
0.001172
0.001838
0.002499
0.003153
0.003793
0.004396
0.004921
0.005335
0.005635
0.005853
0.006036
0.006244
0.006545
0.007013
0.007687
0.008547
0.009521
0.010527
0.011506
0.012433
0.013318
0.014179
0.015023
0.015799
0.016384
0.016651
0.016564
0.016204
0.015711
0.015215
0.014789
0.014441
0.014142
0.013853
0.013548
0.013222
0.012881
0.012537
0.012201
0.011874
0.011556
0.011242
0.010929
0.010619
0.010315
0.010022
0.009742
0.009473
0.009211
0.008951
0.00869
0.008429
0.008169
0.007909
0.007652
0.007398
0.007146
0.006897
0.006648
0.0064
0.006151
0.005899
0.005643
0.005385
0.005127
0.004871
0.004618
0.004368
0.004112
0.003804
0.003349
0.002641
0.001639
0.000396
-0.000976
-0.002347
-0.003574
-0.004496
-0.004987
-0.005048
-0.004798
-0.004415
-0.004046
-0.003765
-0.003571
-0.003426
-0.003285
-0.003121
-0.002933
-0.002731
-0.002533
-0.002352
-0.002189
-0.002039
-0.001894
-0.001749
-0.001599
-0.001448
-0.001293
-0.001129
-0.000938
-0.000699
-0.000408
-0.000078
0.00027
0.000611
0.000906
0.001094
0.001114
0.000946
0.000627
0.000228
-0.00018
-0.000557
-0.000891
-0.001197
-0.001492
-0.001789
-0.002067
-0.002275
-0.002353
-0.002275
-0.002066
-0.001784
-0.001489
-0.001221
-0.000988
-0.000781
-0.000586
-0.000405
-0.000278
-0.000269
-0.000427
-0.000747
-0.001177
-0.001648
-0.002103
-0.00252
-0.002899
-0.00326
-0.003618
-0.003984
-0.004357
-0.004733
-0.005106
-0.005474
-0.005838
-0.006217
-0.006646
-0.00716
-0.007766
-0.008443
-0.009151
-0.009853
-0.01053
-0.011181
-0.011814
-0.012429
-0.01298
-0.013338
-0.013342
-0.012903
-0.012067
-0.010991
-0.009849
-0.008766
-0.007785
-0.006888
-0.006027
-0.005163
-0.004279
-0.003375
-0.002467
-0.001568
-0.000683
0.000185
0.001041
0.00189
0.002734
0.003574
0.004405
0.005193
0.005825
0.006116
0.00591
0.005199
0.004127
0.002904
0.001706
0.000622
-0.00035
-0.001258
-0.002155
-0.003073
-0.004017
-0.004964
-0.00584
-0.006512
-0.006846
-0.006793
-0.006424
-0.005887
-0.005325
-0.004827
-0.004415
-0.004071
-0.003777
-0.003535
-0.003358
-0.003246
-0.003184
-0.003146
-0.003111
-0.003063
-0.003003
-0.002935
-0.002866
-0.002795
-0.002697
-0.002506
-0.00214
-0.001553
-0.000771
0.000128
0.001056
0.001951
0.002792
0.003588
0.004363
0.005136
0.005913
0.006671
0.007353
0.00789
0.008243
0.008434
0.008524
0.008585
0.008665
0.008783
0.00893
0.009087
0.009238
0.009376
0.009503
0.009623
0.009743
0.009864
0.009975
0.010011
0.009844
0.009346
0.008489
0.007359
0.006102
0.004851
0.003679
0.002594
0.001565
0.000551
-0.000473
-0.001514
-0.002562
-0.003597
-0.004561
-0.005345
-0.005835
-0.005992
-0.005874
-0.005609
-0.00532
-0.005084
-0.004919
-0.004802
-0.0047
-0.004586
-0.004451
-0.004301
-0.004146
-0.003999
-0.003892
-0.003882
-0.004029
-0.004354
-0.004825
-0.005373
-0.005931
-0.006456
-0.00694
-0.007393
-0.007835
-0.00828
-0.008723
-0.009116
-0.009362
-0.009366
-0.009102
-0.008635
-0.008072
-0.00751
-0.007004
-0.006558
-0.00615
-0.00575
-0.00534
-0.004915
-0.004481
-0.004052
-0.003657
-0.003347
-0.003166
-0.003122
-0.003181
-0.003289
-0.003395
-0.003474
-0.003523
-0.003556
-0.003584
-0.003603
-0.003579
-0.003457
-0.003198
-0.002805
-0.002321
-0.001805
-0.001302
-0.000834
-0.000397
0.000025
0.000454
0.000919
0.001454
0.002076
0.002775
0.003522
0.004281
0.005025
0.005744
0.006442
0.007127
0.007808
0.008488
0.009167
0.009838
0.010464
0.010967
0.011251
0.011264
0.011039
0.010667
0.010257
0.009879
0.009561
0.009289
0.009037
0.00878
0.008509
0.008224
0.007938
0.007678
0.007493
0.007428
0.007501
0.007685
0.007927
0.008177
0.008403
0.008598
0.008772
0.008939
0.00911
0.009282
0.009421
0.009447
0.00926
0.008808
0.008122
0.007294
0.00643
0.005607
0.004873
0.004295
0.003978
0.004008
0.004383
0.005001
0.005721
0.006424
0.007054
0.007608
0.008121
0.008627
0.009147
0.009685
0.010232
0.010777
0.01131
0.011809
0.012208
0.0124
0.012294
0.011884
0.011258
0.010541
0.009838
0.009204
0.008649
0.008167
0.007756
0.007412
0.007123
0.006868
0.006627
0.006382
0.006129
0.005868
0.005606
0.005346
0.005091
0.004841
0.004594
0.004349
0.004105
0.003862
0.00362
0.00338
0.003142
0.002906
0.002663
0.002367
0.001903
0.001132
-0.000022
-0.001514
-0.003208
-0.004948
-0.006593
-0.007998
-0.008999
-0.009485
-0.009482
-0.009146
-0.008677
-0.008238
-0.007902
-0.007662
-0.007471
-0.007281
-0.007064
-0.006818
-0.006556
-0.006293
-0.00604
-0.005804
-0.005611
-0.005537
-0.005695
-0.006161
-0.006924
-0.007882
-0.008908
-0.009901
-0.010804
-0.011582
-0.01221
-0.012678
-0.01301
-0.013258
-0.013477
-0.013706
-0.013959
-0.014234
-0.014515
-0.014788
-0.015029
-0.015202
-0.015276
-0.015247
-0.015142
-0.015001
-0.01486
-0.014741
-0.014642
-0.014557
-0.014473
-0.014384
-0.014288
-0.014188
-0.014088
-0.013989
-0.013893
-0.013798
-0.013705
-0.013611
-0.013517
-0.013423
-0.013329
-0.013235
-0.013142
-0.013049
-0.012951
-0.012822
-0.012608
-0.012255
-0.011752
-0.011134
-0.010464
-0.009797
-0.009164
-0.008569
-0.007998
-0.007437
-0.006894
-0.006407
-0.006031
-0.005798
-0.005696
-0.005677
-0.005684
-0.005675
-0.005636
-0.005571
-0.005497
-0.005426
-0.005365
-0.005312
-0.005263
-0.005215
-0.005164
-0.00511
-0.005055
-0.005
-0.004942
-0.004861
-0.004711
-0.004443
-0.004039
-0.003521
-0.002944
-0.002359
-0.0018
-0.001275
-0.000774
-0.000284
0.000207
0.000704
0.001205
0.001718
0.002265
0.002887
0.003612
0.004435
0.005323
0.006231
0.007124
0.007987
0.008822
0.009639
0.01045
0.011261
0.012072
0.012872
0.013618
0.014224
0.014595
0.014695
0.014574
0.014331
0.014068
0.01385
0.01371
0.013694
0.01388
0.014331
0.015035
0.015867
0.016643
0.017208
0.017512
0.017611
0.017614
0.017621
0.017683
0.017798
0.017911
0.017934
0.017791
0.017467
0.017007
0.016486
0.015971
0.015496
0.015064
0.014658
0.014257
0.013848
0.01343
0.013006
0.012584
0.012169
0.011772
0.011409
0.011097
0.010838
0.010619
0.01042
0.010222
0.010016
0.009796
0.009542
0.0092
0.008701
0.008006
0.007137
0.006164
0.005165
0.004195
0.003275
0.002397
0.001543
0.000716
-0.00005
-0.000714
-0.00126
-0.001711
-0.002109
-0.0025
-0.002907
-0.003336
-0.003777
-0.004219
-0.004651
-0.005072
-0.005484
-0.00589
-0.006294
-0.006695
-0.007077
-0.007385
-0.00753
-0.007437
-0.007101
-0.006591
-0.006009
-0.005439
-0.004923
-0.004461
-0.00403
-0.003604
-0.003167
-0.002717
-0.002262
-0.001808
-0.001361
-0.000923
-0.000493
-0.000067
0.000355
0.000767
0.001147
0.001465
0.0017
0.001855
0.001957
0.002039
0.002126
0.002229
0.002346
0.00247
0.002589
0.002679
0.002671
0.002449
0.001921
0.00108
0.000018
-0.001126
-0.002194
-0.003016
-0.003452
-0.003453
-0.003099
-0.002548
-0.001957
-0.00143
-0.000992
-0.000619
-0.000269
0.000085
0.000419
0.000647
0.000668
0.000439
-0.000004
-0.000566
-0.001147
-0.001686
-0.002165
-0.002599
-0.002999
-0.003328
-0.003498
-0.003428
-0.003102
-0.002589
-0.001992
-0.001403
-0.00087
-0.000394
0.000047
0.00048
0.000925
0.001382
0.001847
0.002311
0.002768
0.003215
0.003654
0.004088
0.004515
0.004911
0.005207
0.005306
0.005139
0.00472
0.004132
0.003485
0.002862
0.0023
0.001793
0.001313
0.000835
0.000345
-0.000159
-0.000672
-0.0012
-0.001754
-0.002345
-0.002974
-0.003627
-0.004287
-0.004941
-0.005579
-0.006204
-0.00682
-0.007429
-0.008036
-0.008641
-0.009242
-0.009838
-0.010428
-0.010992
-0.011433
-0.011553
-0.011158
-0.010202
-0.008819
-0.007236
-0.00566
-0.004203
-0.002878
-0.001635
-0.000415
0.000824
0.002092
0.003374
0.004647
0.005842
0.006769
0.007126
0.006663
0.005369
0.003483
0.001351
-0.000736
-0.002637
-0.004338
-0.005848
-0.007082
-0.007879
-0.008131
-0.007885
-0.007319
-0.006649
-0.006034
-0.005535
-0.005137
-0.004787
-0.004459
-0.00419
-0.004073
-0.004184
-0.004528
-0.005037
-0.00561
-0.006168
-0.006666
-0.007081
-0.007377
-0.007502
-0.007432
-0.007192
-0.006848
-0.006474
-0.006123
-0.005813
-0.005537
-0.005275
-0.005012
-0.004739
-0.004452
-0.004143
-0.00379
-0.003378
-0.002903
-0.002385
-0.001849
-0.001319
-0.000812
-0.000365
-0.000047
0.000065
-0.000058
-0.000372
-0.000789
-0.001223
-0.001619
-0.001962
-0.002268
-0.002562
-0.002862
-0.003175
-0.003497
-0.00382
-0.004139
-0.00445
-0.004748
-0.004999
-0.005137
-0.005093
-0.004851
-0.004458
-0.003993
-0.00353
-0.003107
-0.00273
-0.002382
-0.00204
-0.001692
-0.001343
-0.001025
-0.000791
-0.000685
-0.000711
-0.000833
-0.000996
-0.001152
-0.001281
-0.00138
-0.001464
-0.001547
-0.001636
-0.001734
-0.001836
-0.001938
-0.002037
-0.002133
-0.002225
-0.002316
-0.002407
-0.002498
-0.00258
-0.002601
-0.002442
-0.001954
-0.001056
0.000205
0.001684
0.003217
0.004691
0.006065
0.007359
0.008599
0.009747
0.010664
0.011197
0.011297
0.011055
0.010643
0.010222
0.009882
0.009638
0.009454
0.009283
0.009092
0.008873
0.008638
0.008414
0.00824
0.008147
0.008139
0.008194
0.008276
0.008356
0.008417
0.00846
0.008492
0.008523
0.008558
0.008596
0.008615
0.008573
0.008415
0.008113
0.007684
0.007178
0.006654
0.006151
0.005682
0.005241
0.004813
0.004384
0.00395
0.003517
0.003101
0.00273
0.002427
0.002192
0.002006
0.001841
0.001675
0.001497
0.001307
0.001111
0.000916
0.000727
0.000543
0.000364
0.000186
0.00001
-0.000167
-0.000344
-0.000518
-0.000681
-0.000813
-0.000892
-0.000904
-0.000857
-0.000775
-0.000683
-0.000599
-0.000529
-0.000472
-0.000418
-0.000364
-0.000306
-0.000245
-0.000183
-0.000121
-0.000061
-0.000003
0.000054
0.000111
0.00017
0.000249
0.000383
0.00061
0.000946
0.00137
0.001841
0.002318
0.002772
0.00318
0.003503
0.003689
0.003704
0.003559
0.003308
0.003018
0.002743
0.002504
0.002299
0.002109
0.001922
0.001741
0.001596
0.001528
0.001562
0.001691
0.001878
0.002082
0.002274
0.002441
0.002589
0.002728
0.002868
0.003013
0.003163
0.003315
0.003465
0.003612
0.003755
0.003896
0.004031
0.004136
0.00416
0.004044
0.003767
0.003356
0.002873
0.002379
0.001915
0.001488
0.001089
0.0007
0.000312
-0.00006
-0.000369
-0.000551
-0.000572
-0.000446
-0.000231
0.000009
0.00023
0.000414
0.000569
0.000711
0.000856
0.001009
0.001161
0.001279
0.001312
0.001218
0.000994
0.000679
0.000327
-0.000019
-0.000334
-0.000621
-0.00089
-0.001157
-0.001429
-0.001708
-0.001989
-0.00227
-0.002545
-0.002816
-0.003082
-0.003346
-0.003608
-0.003866
-0.004103
-0.00426
-0.004235
-0.003948
-0.003392
-0.002644
-0.001817
-0.001005
-0.000254
0.000434
0.001085
0.001715
0.002316
0.002864
0.003341
0.003752
0.00412
0.004464
0.004763
0.004933
0.004874
0.004539
0.003972
0.003274
0.002554
0.001881
0.001272
0.000707
0.000152
-0.000424
-0.001034
-0.001672
-0.002317
-0.002931
-0.003455
-0.003834
-0.00405
-0.004135
-0.00415
-0.004154
-0.004184
-0.004247
-0.004332
-0.004421
-0.004503
-0.004574
-0.004642
-0.00474
-0.004931
-0.005271
-0.005774
-0.006399
-0.007079
-0.007755
-0.00839
-0.008963
-0.009422
-0.009674
-0.009639
-0.009312
-0.008777
-0.008153
-0.00754
-0.00699
-0.006503
-0.006053
-0.005609
-0.005152
-0.00468
-0.004199
-0.00372
-0.003249
-0.002788
-0.002335
-0.001887
-0.001441
-0.000997
-0.000556
-0.000117
0.000318
0.000749
0.001176
0.001599
0.002018
0.002434
0.002847
0.003257
0.003655
0.003993
0.00414
0.003907
0.003164
0.001938
0.00039
-0.001267
-0.002874
-0.004361
-0.005739
-0.007059
-0.008369
-0.009662
-0.010826
-0.011661
-0.011996
-0.011808
-0.011243
-0.010514
-0.009805
-0.009207
-0.008722
-0.008299
-0.007884
-0.007442
-0.006969
-0.006478
-0.005988
-0.005519
-0.005098
-0.004756
-0.00451
-0.004351
-0.004247
-0.004164
-0.004073
-0.003965
-0.003841
-0.00371
-0.003582
-0.003461
-0.003345
-0.003234
-0.003127
-0.003035
-0.002976
-0.002968
-0.003011
-0.003093
-0.003191
-0.003287
-0.003372
-0.003445
-0.003511
-0.003576
-0.003643
-0.003713
-0.003785
-0.003852
-0.003891
-0.003857
-0.003708
-0.003433
-0.003063
-0.002649
-0.002238
-0.001853
-0.001498
-0.001163
-0.000832
-0.000498
-0.000158
0.000185
0.000524
0.000832
0.00105
0.001091
0.0009
0.000488
-0.00007
-0.000678
-0.001265
-0.001798
-0.002282
-0.002743
-0.003192
-0.003596
-0.003855
-0.003851
-0.003534
-0.002954
-0.00223
-0.001482
-0.000788
-0.000166
0.000403
0.000953
0.001504
0.002032
0.002458
0.002674
0.002622
0.002326
0.001881
0.001393
0.00094
0.000548
0.000206
-0.000108
-0.000379
-0.000524
-0.000426
-0.000014
0.000684
0.00156
0.002485
0.00337
0.00418
0.004927
0.005645
0.006363
0.00709
0.00779
0.008385
0.008789
0.008968
0.008957
0.008841
0.008693
0.008534
0.008329
0.008032
0.007624
0.007129
0.006593
0.006058
0.005549
0.005071
0.004612
0.00416
0.003705
0.003253
0.002843
0.002571
0.002551
0.002845
0.003416
0.004155
0.004939
0.005679
0.006344
0.006928
0.00741
0.00774
0.00788
0.007837
0.007667
0.007448
0.007239
0.00707
0.006938
0.006824
0.006709
0.006565
0.006357
0.006054
0.005647
0.005159
0.00463
0.004098
0.003588
0.003103
0.002636
0.002176
0.001716
0.001253
0.000789
0.000326
-0.000131
-0.000583
-0.001022
-0.001416
-0.001694
-0.001788
-0.001683
-0.001425
-0.001095
-0.000765
-0.000475
-0.000229
-0.000012
0.0002
0.00042
0.000652
0.00089
0.001118
0.001303
0.001392
0.001345
0.001161
0.000881
0.000562
0.000251
-0.00003
-0.000281
-0.000514
-0.000746
-0.000987
-0.001249
-0.001545
-0.001884
-0.002264
-0.002672
-0.003089
-0.003501
-0.0039
-0.004287
-0.004667
-0.005043
-0.005418
-0.005793
-0.006167
-0.006537
-0.006903
-0.007266
-0.007624
-0.007973
-0.008276
-0.008446
-0.008378
-0.008013
-0.007385
-0.006598
-0.005769
-0.004979
-0.004259
-0.003594
-0.002955
-0.002313
-0.001658
-0.000992
-0.000323
0.00034
0.000992
0.001633
0.002265
0.002892
0.00351
0.004085
0.004524
0.004694
0.004504
0.00397
0.003208
0.002366
0.001557
0.00083
0.000176
-0.00044
-0.001053
-0.001684
-0.002332
-0.002986
-0.003636
-0.004275
-0.004901
-0.005517
-0.006119
-0.006672
-0.007093
-0.007291
-0.00723
-0.006953
-0.006558
-0.006144
-0.005771
-0.005457
-0.005183
-0.004923
-0.004655
-0.004372
-0.004078
-0.003783
-0.003511
-0.003326
-0.003324
-0.003584
-0.00411
-0.004823
-0.005614
-0.006389
-0.007103
-0.007756
-0.008374
-0.008986
-0.009607
-0.010229
-0.010789
-0.011152
-0.011177
-0.01081
-0.01012
-0.009256
-0.008366
-0.007544
-0.006812
-0.006142
-0.005495
-0.004838
-0.00416
-0.003467
-0.002772
-0.002087
-0.001414
-0.000754
-0.000103
0.000536
0.001127
0.001592
0.001857
0.001902
0.001777
0.001571
0.001364
0.0012
0.001084
0.000997
0.000915
0.000823
0.000716
0.000601
0.000484
0.00037
0.000267
0.000197
0.00022
0.000407
0.000798
0.001368
0.002048
0.002755
0.003433
0.004061
0.004635
0.005154
0.005613
0.006016
0.006376
0.006714
0.007042
0.007343
0.007561
0.007638
0.007555
0.007348
0.007079
0.006808
0.006569
0.006366
0.006186
0.006011
0.00583
0.005639
0.005442
0.005244
0.005052
0.004885
0.004774
0.004757
0.004846
0.005022
0.005245
0.005475
0.005686
0.005873
0.006043
0.006207
0.006374
0.006539
0.006669
0.006688
0.006516
0.006121
0.005542
0.004864
0.004173
0.003521
0.002923
0.002362
0.001816
0.001265
0.000704
0.000137
-0.000431
-0.000985
-0.00149
-0.00187
-0.002049
-0.001995
-0.001751
-0.001403
-0.00104
-0.000714
-0.00044
-0.000202
0.000025
0.000259
0.000506
0.000762
0.001021
0.001276
0.001528
0.00179
0.002082
0.002423
0.002816
0.003244
0.003687
0.004124
0.004546
0.004953
0.005351
0.005745
0.006133
0.006485
0.006724
0.006759
0.006538
0.00609
0.005504
0.004881
0.004292
0.003761
0.003281
0.002843
0.002494
0.002336
0.002466
0.002897
0.00355
0.0043
0.005039
0.0057
0.006216
0.006478
0.006369
0.005849
0.004998
0.003969
0.002918
0.001958
0.001174
0.00065
0.000431
0.000492
0.000739
0.001056
0.001354
0.001593
0.001775
0.00191
0.001962
0.001842
0.001465
0.000817
-0.000031
-0.000966
-0.00189
-0.002752
-0.00355
-0.004309
-0.005057
-0.005814
-0.006583
-0.007358
-0.008128
-0.008889
-0.009636
-0.010371
-0.011074
-0.011679
-0.012068
-0.012143
-0.011898
-0.011422
-0.010848
-0.010288
-0.009797
-0.009375
-0.008992
-0.008614
-0.008221
-0.00781
-0.007389
-0.006968
-0.006555
-0.006152
-0.005757
-0.005369
-0.005002
-0.004697
-0.004516
-0.004504
-0.004652
-0.004908
-0.005203
-0.005483
-0.005726
-0.005935
-0.006126
-0.006316
-0.006499
-0.006634
-0.006643
-0.006462
-0.006083
-0.005561
-0.004979
-0.004406
-0.003879
-0.003398
-0.002943
-0.002493
-0.002036
-0.001569
-0.001097
-0.000627
-0.000164
0.000291
0.000739
0.001182
0.001622
0.002053
0.002431
0.002677
0.002708
0.002505
0.002124
0.001658
0.001194
0.000778
0.000414
0.000084
-0.000239
-0.000571
-0.000916
-0.001269
-0.001618
-0.001934
-0.002152
-0.00218
-0.001961
-0.001507
-0.000899
-0.000237
0.0004
0.000981
0.001511
0.002014
0.002516
0.003029
0.003552
0.00408
0.004604
0.005119
0.005623
0.006113
0.00657
0.006973
0.007302
0.00756
0.007771
0.007962
0.008156
0.008362
0.00858
0.008803
0.009022
0.009236
0.009443
0.009642
0.009812
0.009901
0.009845
0.009607
0.009207
0.008708
0.008183
0.007682
0.007224
0.0068
0.006391
0.005982
0.005564
0.00514
0.00472
0.004331
0.004007
0.003777
0.003641
0.003571
0.00353
0.003484
0.00342
0.003337
0.003245
0.003154
0.003069
0.00299
0.002916
0.002842
0.002768
0.002692
0.002616
0.002539
0.002464
0.002389
0.002316
0.002243
0.002171
0.002099
0.002028
0.001953
0.001859
0.001707
0.001458
0.001094
0.000636
0.000129
-0.000384
-0.000875
-0.001338
-0.00178
-0.00221
-0.002624
-0.002984
-0.003231
-0.003321
-0.003259
-0.003093
-0.002889
-0.002696
-0.002539
-0.002412
-0.002302
-0.002191
-0.002071
-0.001943
-0.00181
-0.001677
-0.001548
-0.001424
-0.001301
-0.00117
-0.001007
-0.000779
-0.000465
-0.00007
0.000379
0.000844
0.0013
0.001733
0.002146
0.002547
0.002937
0.003273
0.003451
0.003357
0.002945
0.002269
0.001448
0.000606
-0.000181
-0.000893
-0.00155
-0.002171
-0.002732
-0.003161
-0.003382
-0.003383
-0.003217
-0.002974
-0.002735
-0.002541
-0.002395
-0.002276
-0.002163
-0.002038
-0.0019
-0.001752
-0.001604
-0.001459
-0.001321
-0.001187
-0.001056
-0.000924
-0.000793
-0.000661
-0.00053
-0.000399
-0.000271
-0.000143
-0.000008
0.000151
0.000359
0.000635
0.000974
0.001355
0.001749
0.002136
0.002504
0.002856
0.003199
0.00354
0.003882
0.004226
0.004568
0.004909
0.005244
0.005576
0.005904
0.006229
0.006551
0.006863
0.007124
0.007247
0.007136
0.006753
0.006147
0.00542
0.004676
0.003979
0.003345
0.002757
0.002184
0.001607
0.001016
0.000416
-0.000184
-0.000778
-0.001354
-0.001873
-0.002224
-0.00225
-0.00184
-0.001017
0.000081
0.001275
0.002422
0.003431
0.004244
0.00483
0.005203
0.005422
0.00557
0.005713
0.005889
0.006095
0.006285
0.006356
0.006174
0.005654
0.004817
0.003771
0.002658
0.001581
0.000586
-0.000326
-0.001151
-0.00186
-0.002417
-0.002819
-0.003105
-0.003335
-0.003562
-0.003815
-0.004097
-0.004394
-0.004692
-0.004979
-0.005251
-0.005483
-0.005609
-0.005533
-0.005187
-0.004582
-0.003805
-0.002967
-0.002155
-0.001407
-0.000716
-0.000056
0.000601
0.001269
0.001949
0.002632
0.003301
0.003901
0.004334
0.004506
0.004397
0.004074
0.003652
0.003231
0.002867
0.002565
0.0023
0.002043
0.001773
0.001487
0.00119
0.000892
0.0006
0.000317
0.00004
-0.000233
-0.000504
-0.000775
-0.00105
-0.001353
-0.001734
-0.002241
-0.002885
-0.003634
-0.00443
-0.005221
-0.005975
-0.006658
-0.007208
-0.007529
-0.007557
-0.007308
-0.006875
-0.006375
-0.005899
-0.005486
-0.00513
-0.004803
-0.004479
-0.004156
-0.003861
-0.003628
-0.003474
-0.003384
-0.00333
-0.00328
-0.003217
-0.003137
-0.003046
-0.002953
-0.002863
-0.00278
-0.002708
-0.002662
-0.002668
-0.002751
-0.002911
-0.003129
-0.003369
-0.003606
-0.003825
-0.004026
-0.004216
-0.004403
-0.004594
-0.004787
-0.004983
-0.005177
-0.005368
-0.005556
-0.005741
-0.005919
-0.006059
-0.006093
-0.005931
-0.005525
-0.004904
-0.004153
-0.003367
-0.002616
-0.001922
-0.001275
-0.000648
-0.000005
0.00069
0.001473
0.002354
0.003309
0.004266
0.005119
0.005779
0.006222
0.006499
0.006698
0.006896
0.007135
0.007412
0.007685
0.007871
0.007883
0.00768
0.007289
0.006787
0.00626
0.005764
0.005318
0.004911
0.004516
0.004103
0.003629
0.003058
0.002372
0.001592
0.000761
-0.000078
-0.000896
-0.001682
-0.002445
-0.003195
-0.003942
-0.004686
-0.0054
-0.00601
-0.006411
-0.006533
-0.00639
-0.006071
-0.005687
-0.005328
-0.005029
-0.004784
-0.004566
-0.004347
-0.004112
-0.003863
-0.003605
-0.00335
-0.0031
-0.002859
-0.002623
-0.002389
-0.002156
-0.001925
-0.001703
-0.001514
-0.001391
-0.001355
-0.001402
-0.001504
-0.001626
-0.00174
-0.001835
-0.001913
-0.001983
-0.002053
-0.002127
-0.002206
-0.002288
-0.002368
-0.002447
-0.002523
-0.002597
-0.00267
-0.002743
-0.002816
-0.002889
-0.002961
-0.003032
-0.003102
-0.003172
-0.00324
-0.003311
-0.003395
-0.003522
-0.003729
-0.004035
-0.004428
-0.004874
-0.005332
-0.005775
-0.006193
-0.00659
-0.006972
-0.007321
-0.007577
-0.007659
-0.007522
-0.007187
-0.00673
-0.006239
-0.005776
-0.005363
-0.004991
-0.004637
-0.004281
-0.003914
-0.003537
-0.003156
-0.002779
-0.00241
-0.002047
-0.00169
-0.001329
-0.000924
-0.000397
0.000343
0.001327
0.002512
0.003803
0.005094
0.006281
0.007255
0.00794
0.00834
0.008541
0.008655
0.008779
0.008957
0.009188
0.009446
0.009702
0.009941
0.010159
0.010364
0.010566
0.01077
0.010977
0.011187
0.011395
0.011598
0.01178
0.011912
0.011962
0.011916
0.011793
0.011628
0.011456
0.011299
0.011163
0.011041
0.010924
0.010804
0.010679
0.010549
0.010419
0.010289
0.010161
0.010025
0.009858
0.009624
0.009301
0.008893
0.008429
0.007946
0.007474
0.007027
0.006614
0.00625
0.005952
0.005726
0.005558
0.005423
0.005295
0.005158
0.005008
0.004849
0.004688
0.004529
0.004361
0.004156
0.003877
0.003503
0.003044
0.002536
0.002028
0.001581
0.001264
0.001121
0.001146
0.001284
0.001464
0.001633
0.001765
0.001864
0.001946
0.002027
0.002118
0.002219
0.002325
0.002431
0.002533
0.00263
0.002725
0.002818
0.00291
0.003003
0.003096
0.003188
0.003279
0.003369
0.003458
0.003546
0.003633
0.003719
0.003805
0.003889
0.003973
0.004056
0.004138
0.004219
0.004291
0.00431