0.000192
0.001307
0.004164
0.008412
0.012309
0.014025
0.012853
0.009365
0.004798
0.000344
-0.003132
-0.004917
-0.004358
-0.001162
0.00432
0.011207
0.018514
0.025534
0.031998
0.03785
0.042634
0.045158
0.044145
0.039254
0.031369
0.022043
0.012706
0.004159
-0.00349
-0.010472
-0.01668
-0.021143
-0.022447
-0.020014
-0.015005
-0.009826
-0.006683
-0.00647
-0.008601
-0.011446
-0.012991
-0.011687
-0.007124
-0.000053
0.008133
0.015887
0.021745
0.024638
0.024312
0.021437
0.017218
0.012806
0.008896
0.005642
0.002839
0.000171
-0.002592
-0.005529
-0.00859
-0.011596
-0.014051
-0.015085
-0.013886
-0.010286
-0.004876
0.0013
0.007061
0.011314
0.013401
0.013387
0.011955
0.009992
0.008188
0.006844
0.005918
0.005195
0.0045
0.003896
0.003744
0.004456
0.00619
0.008744
0.011706
0.014683
0.017447
0.019958
0.022217
0.023927
0.024328
0.022621
0.018589
0.012761
0.006077
-0.000602
-0.006727
-0.01189
-0.015543
-0.017126
-0.016492
-0.014092
-0.010761
-0.007372
-0.004654
-0.003126
-0.002978
-0.004013
-0.005754
-0.007674
-0.009273
-0.009932
-0.008877
-0.005542
0.000007
0.007077
0.014626
0.021332
0.025615
0.026148
0.022623
0.015943
0.007682
-0.000692
-0.008331
-0.015085
-0.021255
-0.027256
-0.033381
-0.039713
-0.046078
-0.05177
-0.055322
-0.055004
-0.049919
-0.040638
-0.028842
-0.016406
-0.004625
0.006058
0.015863
0.025087
0.033159
0.038266
0.038416
0.032991
0.023201
0.011274
-0.000708
-0.011567
-0.021128
-0.029856
-0.038365
-0.047033
-0.055628
-0.062888
-0.066707
-0.065338
-0.058625
-0.048075
-0.035921
-0.024038
-0.01335
-0.003884
0.004624
0.011902
0.016882
0.018453
0.016536
0.012488
0.008534
0.00661
0.007453
0.010541
0.014699
0.018823
0.022189
0.024154
0.023809
0.02033
0.013657
0.004641
-0.005422
-0.015402
-0.024703
-0.033227
-0.040831
-0.046447
-0.047944
-0.043412
-0.032654
-0.017377
-0.000165
0.016622
0.030986
0.040811
0.044102
0.040135
0.030127
0.016658
0.002407
-0.010861
-0.022601
-0.033175
-0.043287
-0.053392
-0.062971
-0.069914
-0.071107
-0.064357
-0.049946
-0.030415
-0.009072
0.011521
0.030252
0.047294
0.063461
0.079489
0.095209
0.108654
0.116282
0.115066
0.104667
0.087622
0.067752
0.048295
0.030868
0.015492
0.00129
-0.012723
-0.02714
-0.042056
-0.057238
-0.072048
-0.084676
-0.091838
-0.090432
-0.079798
-0.062191
-0.041355
-0.02064
-0.00185
0.014838
0.030232
0.045327
0.060535
0.074781
0.085218
0.088644
0.0837
0.071756
0.055965
0.039549
0.024539
0.011451
-0.000264
-0.011508
-0.022967
-0.034887
-0.047149
-0.059415
-0.070873
-0.079487
-0.082054
-0.075968
-0.061134
-0.040089
-0.016492
0.006615
0.027745
0.04691
0.064952
0.082425
0.098041
0.108166
0.108936
0.099179
0.081202
0.05923
0.037188
0.017284
-0.000173
-0.016076
-0.031584
-0.047478
-0.063963
-0.08082
-0.097607
-0.113359
-0.125668
-0.130731
-0.125443
-0.109696
-0.086515
-0.060264
-0.034578
-0.011233
0.009782
0.029473
0.048737
0.067071
0.081823
0.089325
0.087386
0.076838
0.060926
0.043456
0.027149
0.013007
0.000637
-0.010953
-0.022642
-0.034642
-0.04588
-0.053852
-0.055842
-0.050741
-0.039757
-0.025573
-0.010907
0.002545
0.0143
0.02441
0.032489
0.037477
0.038452
0.035522
0.02988
0.023154
0.016662
0.011026
0.006215
0.00185
-0.002475
-0.00699
-0.011626
-0.015805
-0.018442
-0.01851
-0.015766
-0.010881
-0.005002
0.000844
0.0061
0.010712
0.01493
0.01906
0.0233
0.027697
0.032069
0.035736
0.037449
0.036029
0.031213
0.023827
0.015255
0.006734
-0.001067
-0.008082
-0.01461
-0.021021
-0.027386
-0.03288
-0.03553
-0.033141
-0.024907
-0.01235
0.001075
0.011591
0.01696
0.017291
0.014432
0.010663
0.007614
0.005858
0.005124
0.00479
0.004317
0.003476
0.0024
0.001581
0.001717
0.003333
0.006459
0.010644
0.015219
0.01944
0.022333
0.022702
0.019687
0.013388
0.004833
-0.004558
-0.013355
-0.019981
-0.022693
-0.020335
-0.013148
-0.0027
0.008977
0.020284
0.030421
0.038966
0.04507
0.047336
0.044736
0.037536
0.027252
0.015833
0.004802
-0.005164
-0.014145
-0.022607
-0.030906
-0.038646
-0.044297
-0.045817
-0.042019
-0.033409
-0.02186
-0.009771
0.00047
0.006859
0.008409
0.005602
0.000052
-0.006346
-0.012073
-0.016056
-0.017532
-0.016196
-0.012423
-0.007134
-0.001361
0.00415
0.009107
0.013481
0.016966
0.01859
0.017153
0.012137
0.004128
-0.005538
-0.015486
-0.024699
-0.03218
-0.036353
-0.035373
-0.028335
-0.016048
-0.000632
0.015453
0.029875
0.040363
0.045057
0.043414
0.036622
0.026982
0.016793
0.00751
-0.000467
-0.007494
-0.014185
-0.021017
-0.028171
-0.035455
-0.042077
-0.046561
-0.047397
-0.044031
-0.037241
-0.028622
-0.019761
-0.011626
-0.004564
0.001106
0.004606
0.005068
0.002312
-0.002898
-0.00929
-0.015703
-0.021489
-0.026559
-0.031174
-0.035442
-0.038439
-0.037897
-0.031471
-0.018618
-0.001549
0.015131
0.026205
0.028404
0.021914
0.00972
-0.004351
-0.01743
-0.028368
-0.037475
-0.045739
-0.053807
-0.060724
-0.063419
-0.058271
-0.04367
-0.021185
0.005
0.02912
0.045357
0.050194
0.044054
0.030648
0.014702
-0.000192
-0.012534
-0.02263
-0.031433
-0.038911
-0.043143
-0.04139
-0.032246
-0.016713
0.00249
0.022386
0.040608
0.055153
0.064068
0.06617
0.061976
0.053589
0.04363
0.034127
0.025979
0.019083
0.012828
0.006594
0.000045
-0.00678
-0.013314
-0.018289
-0.02006
-0.017555
-0.011041
-0.002117
0.006785
0.01319
0.015586
0.014025
0.009831
0.004726
0.000019
-0.003748
-0.006697
-0.009263
-0.011818
-0.014327
-0.016202
-0.016598
-0.014988
-0.011519
-0.006949
-0.00246
0.000587
0.001131
-0.001073
-0.005389
-0.010727
-0.016067
-0.020643
-0.02367
-0.024185
-0.021487
-0.015707
-0.007809
0.000919
0.00944
0.017268
0.024363
0.030626
0.035302
0.037049
0.03484
0.028792
0.020133
0.010497
0.001177
-0.007151
-0.014067
-0.018927
-0.020994
-0.020047
-0.01667
-0.011976
-0.007061
-0.002612
0.001143
0.004062
0.005679
0.005273
0.002412
-0.002599
-0.008619
-0.013859
-0.016451
-0.015326
-0.010727
-0.003924
0.003549
0.010579
0.016633
0.021294
0.023743
0.023007
0.018738
0.011585
0.00286
-0.006117
-0.014518
-0.022125
-0.02901
-0.034811
-0.038343
-0.038273
-0.034211
-0.027034
-0.018334
-0.009591
-0.001645
0.005379
0.011809
0.017972
0.023621
0.027743
0.029185
0.027552
0.02348
0.01819
0.012842
0.008126
0.004332
0.001698
0.000582
0.001233
0.003495
0.006757
0.009994
0.011865
0.011121
0.007243
0.000709
-0.007328
-0.015506
-0.022225
-0.025496
-0.023574
-0.016029
-0.004088
0.010083
0.024436
0.037721
0.049268
0.058018
0.062105
0.059899
0.051394
0.038385
0.023467
0.008819
-0.004467
-0.016368
-0.027427
-0.037939
-0.047097
-0.052955
-0.053678
-0.048949
-0.04018
-0.029616
-0.01921
-0.009973
-0.001962
0.005204
0.011487
0.015989
0.017539
0.015707
0.01116
0.005225
-0.000819
-0.006219
-0.010817
-0.01471
-0.017708
-0.019134
-0.018281
-0.015037
-0.010013
-0.004184
0.00159
0.006856
0.011577
0.015967
0.020281
0.024684
0.02921
0.033766
0.038017
0.041221
0.042387
0.040859
0.036787
0.031042
0.02472
0.018656
0.013201
0.00829
0.003651
-0.000976
-0.005728
-0.010607
-0.015459
-0.019711
-0.021987
-0.020396
-0.013661
-0.002056
0.012569
0.027128
0.0379
0.041889
0.038314
0.028852
0.016484
0.003973
-0.007122
-0.01656
-0.024762
-0.031644
-0.035966
-0.036128
-0.031562
-0.023223
-0.01297
-0.00259
0.006872
0.015226
0.022757
0.029488
0.034609
0.036772
0.035101
0.029893
0.022439
0.01429
0.006581
-0.000246
-0.006278
-0.011593
-0.015686
-0.017498
-0.016168
-0.011741
-0.005175
0.002217
0.009265
0.014903
0.018
0.017727
0.014135
0.008196
0.00127
-0.005515
-0.011599
-0.016979
-0.021955
-0.026868
-0.031821
-0.036368
-0.039461
-0.040078
-0.038132
-0.034759
-0.031717
-0.030386
-0.031148
-0.033467
-0.036416
-0.039208
-0.041392
-0.042613
-0.042338
-0.040061
-0.035742
-0.029917
-0.023432
-0.017196
-0.012219
-0.009579
-0.009969
-0.013233
-0.018428
-0.024343
-0.030033
-0.035076
-0.039519
-0.043597
-0.047254
-0.049715
-0.049663
-0.046102
-0.039112
-0.029792
-0.019616
-0.009746
-0.000705
0.007455
0.014507
0.019548
0.021392
0.019512
0.014502
0.00773
0.00062
-0.00591
-0.011601
-0.016677
-0.021526
-0.026456
-0.031585
-0.036867
-0.042103
-0.046762
-0.049868
-0.050417
-0.048047
-0.043301
-0.037285
-0.031096
-0.025405
-0.020372
-0.015798
-0.011376
-0.0069
-0.002424
0.001646
0.004703
0.006316
0.006517
0.005762
0.004653
0.003659
0.002982
0.002592
0.002375
0.002378
0.002989
0.004776
0.008091
0.012803
0.018382
0.024203
0.029815
0.035049
0.039948
0.044527
0.048442
0.050942
0.051338
0.049538
0.046128
0.042011
0.037963
0.034383
0.031288
0.028474
0.025708
0.022844
0.019913
0.01725
0.015504
0.015285
0.016745
0.019485
0.022821
0.026139
0.029107
0.031691
0.03404
0.036335
0.038637
0.040673
0.041797
0.04136
0.039175
0.035637
0.031455
0.027276
0.023462
0.020057
0.01693
0.014067
0.011937
0.011506
0.013645
0.018467
0.025246
0.032866
0.04037
0.047269
0.053546
0.059454
0.065284
0.071212
0.077111
0.082115
0.084519
0.082679
0.076194
0.066172
0.0545
0.04288
0.032241
0.02268
0.013791
0.005067
-0.003823
-0.012956
-0.02223
-0.031485
-0.040433
-0.048152
-0.052753
-0.052195
-0.045702
-0.034449
-0.021242
-0.00955
-0.002108
0.00022
-0.001504
-0.005217
-0.009002
-0.011793
-0.013452
-0.014422
-0.015248
-0.016138
-0.016621
-0.015644
-0.012242
-0.00623
0.001709
0.010481
0.019136
0.027089
0.033789
0.038225
0.039127
0.035832
0.028863
0.019673
0.009882
0.000622
-0.007707
-0.015124
-0.021261
-0.02489
-0.024619
-0.020046
-0.012122
-0.00256
0.006908
0.014679
0.019205
0.019455
0.015562
0.008799
0.000878
-0.006815
-0.013623
-0.019568
-0.025017
-0.030178
-0.034597
-0.037136
-0.036718
-0.033146
-0.027267
-0.020605
-0.014903
-0.011615
-0.011368
-0.013757
-0.017687
-0.021979
-0.025848
-0.028999
-0.031311
-0.032486
-0.03211
-0.030028
-0.026542
-0.022307
-0.018147
-0.014978
-0.013641
-0.014535
-0.017393
-0.021448
-0.025839
-0.029962
-0.033601
-0.036848
-0.039923
-0.042865
-0.045006
-0.044804
-0.040698
-0.032264
-0.020498
-0.00716
0.00614
0.018434
0.029215
0.037996
0.044315
0.048119
0.04996
0.050755
0.051372
0.05234
0.053813
0.055709
0.057873
0.060161
0.062475
0.064763
0.066877
0.068174
0.06735
0.063126
0.055194
0.044441
0.032376
0.020367
0.009199
-0.000791
-0.009244
-0.015596
-0.019444
-0.020978
-0.020964
-0.020359
-0.019904
-0.019926
-0.020383
-0.021049
-0.021698
-0.022206
-0.022802
-0.02469
-0.029826
-0.038697
-0.04847
-0.054483
-0.053532
-0.045617
-0.03326
-0.019675
-0.007191
0.003358
0.012356
0.0207
0.029135
0.037714
0.045383
0.050206
0.050526
0.046112
0.038254
0.028924
0.0198
0.011721
0.004701
-0.001636
-0.00739
-0.012046
-0.014844
-0.015469
-0.014314
-0.012217
-0.010009
-0.008188
-0.006859
-0.00586
-0.005013
-0.004469
-0.004822
-0.006748
-0.010474
-0.015622
-0.021466
-0.027302
-0.032631
-0.037137
-0.040659
-0.043228
-0.045084
-0.046567
-0.047986
-0.049495
-0.050999
-0.052134
-0.052438
-0.051648
-0.049864
-0.047472
-0.044914
-0.042502
-0.040348
-0.038401
-0.036543
-0.034674
-0.032746
-0.030757
-0.028721
-0.026655
-0.024572
-0.022485
-0.020406
-0.018344
-0.016302
-0.014281
-0.012247
-0.00992
-0.006367
-0.000035
0.010322
0.024352
0.039391
0.051236
0.056373
0.053942
0.045829
0.035206
0.024845
0.016159
0.009263
0.003872
0.000379
0.000029
0.003947
0.012102
0.023224
0.03553
0.047394
0.05732
0.06372
0.065436
0.062536
0.056368
0.048818
0.041451
0.035036
0.029581
0.024665
0.019818
0.014762
0.009453
0.004004
-0.001436
-0.006764
-0.011954
-0.017033
-0.02205
-0.026925
-0.031101
-0.033415
-0.032719
-0.028727
-0.022216
-0.014518
-0.006843
0.000147
0.006375
0.012128
0.01774
0.023233
0.027947
0.030611
0.030115
0.02631
0.020095
0.012843
0.005729
-0.000654
-0.006293
-0.011501
-0.016636
-0.021913
-0.027371
-0.032925
-0.038461
-0.043902
-0.049224
-0.054449
-0.059614
-0.064745
-0.069855
-0.074939
-0.079987
-0.0849
-0.089181
-0.09166
-0.090892
-0.086098
-0.077735
-0.067215
-0.056128
-0.045585
-0.035976
-0.027119
-0.018599
-0.010057
-0.001329
0.007507
0.016013
0.023216
0.027832
0.029025
0.026986
0.022819
0.017908
0.013303
0.009445
0.006248
0.003368
0.000476
-0.002598
-0.005855
-0.009149
-0.012088
-0.013938
-0.013859
-0.01143
-0.006948
-0.001242
0.004767
0.01045
0.015596
0.020316
0.024851
0.029407
0.034072
0.03877
0.043054
0.045838
0.045638
0.041518
0.03407
0.02562
0.019276
0.017302
0.020038
0.026095
0.033423
0.040358
0.046152
0.050843
0.054683
0.05757
0.059009
0.058598
0.056437
0.053115
0.04938
0.045811
0.042695
0.040222
0.038752
0.038776
0.040564
0.0439
0.048179
0.052691
0.056679
0.059057
0.058372
0.053528
0.044597
0.032828
0.019941
0.007333
-0.00433
-0.015076
-0.025142
-0.034117
-0.040433
-0.042139
-0.03835
-0.029961
-0.019344
-0.009738
-0.004371
-0.005173
-0.011905
-0.022539
-0.034503
-0.045851
-0.055779
-0.064461
-0.072538
-0.080623
-0.089028
-0.097748
-0.106519
-0.114614
-0.120488
-0.122095
-0.11809
-0.108801
-0.096043
-0.082096
-0.068692
-0.05656
-0.045562
-0.035135
-0.024736
-0.014083
-0.003173
0.007835
0.018764
0.029506
0.040046
0.050427
0.060707
0.070926
0.081096
0.091206
0.101083
0.109717
0.114401
0.111299
0.097772
0.074324
0.044311
0.012023
-0.019237
-0.048051
-0.074573
-0.09913
-0.120328
-0.134658
-0.138752
-0.132098
-0.117495
-0.099338
-0.081449
-0.065812
-0.052543
-0.040662
-0.029019
-0.016896
-0.004152
0.008958
0.022024
0.034389
0.044649
0.050649
0.050652
0.044633
0.034343
0.022286
0.010538
0.000109
-0.009014
-0.017408
-0.025659
-0.033752
-0.040448
-0.043434
-0.040707
-0.032013
-0.018989
-0.004122
0.01047
0.023724
0.03562
0.046727
0.057496
0.067297
0.073995
0.075029
0.069253
0.057732
0.043012
0.027737
0.013596
0.00116
-0.009348
-0.017102
-0.020739
-0.019429
-0.013689
-0.005174
0.004133
0.012555
0.018948
0.022814
0.024379
0.024423
0.023882
0.023497
0.023797
0.025336
0.028741
0.034375
0.042019
0.050936
0.060253
0.069318
0.077866
0.085955
0.0938
0.1012
0.10626
0.104941
0.093227
0.070097
0.038239
0.0023
-0.033496
-0.06665
-0.095735
-0.118619
-0.132106
-0.13396
-0.12496
-0.108739
-0.089875
-0.0719
-0.056358
-0.043035
-0.030834
-0.018662
-0.005932
0.007226
0.019619
0.02879
0.031917
0.027554
0.016604
0.001713
-0.014178
-0.029048
-0.042217
-0.054045
-0.065309
-0.076473
-0.086738
-0.09347
-0.093255
-0.084152
-0.067048
-0.045045
-0.02171
0.000438
0.020497
0.038858
0.056218
0.072167
0.08442
0.09002
0.087558
0.078216
0.06497
0.050953
0.038203
0.027391
0.018551
0.012064
0.00879
0.009299
0.013204
0.019265
0.026021
0.032397
0.037876
0.042125
0.044604
0.044765
0.042562
0.0386
0.033818
0.029047
0.024739
0.020941
0.017462
0.014157
0.011439
0.010621
0.013426
0.020835
0.032376
0.046442
0.06113
0.074679
0.085105
0.090079
0.087974
0.079076
0.065536
0.050197
0.035321
0.021958
0.010033
-0.001115
-0.012177
-0.023542
-0.035249
-0.046869
-0.056895
-0.062409
-0.060342
-0.049554
-0.03164
-0.009912
0.012326
0.033037
0.051736
0.069012
0.085538
0.100704
0.111931
0.116011
0.111457
0.099575
0.083569
0.066793
0.05141
0.03807
0.026721
0.018051
0.014035
0.016654
0.026162
0.040749
0.0576
0.074259
0.089442
0.102964
0.114798
0.123929
0.128332
0.126389
0.118264
0.105896
0.091898
0.078359
0.066236
0.055451
0.04538
0.03538
0.025089
0.014476
0.00371
-0.006999
-0.017517
-0.027816
-0.037941
-0.04796
-0.057921
-0.067841
-0.077709
-0.087441
-0.09661
-0.104093
-0.108308
-0.108172
-0.103895
-0.096865
-0.088853
-0.08122
-0.074551
-0.068747
-0.063374
-0.058007
-0.052421
-0.046633
-0.040977
-0.036297
-0.033854
-0.034646
-0.038701
-0.045065
-0.05237
-0.059486
-0.06587
-0.071533
-0.07672
-0.081297
-0.084174
-0.083542
-0.078049
-0.067823
-0.054395
-0.039799
-0.025636
-0.012623
-0.000672
0.01065
0.021458
0.030978
0.037743
0.040594
0.03956
0.035837
0.031066
0.02671
0.024124
0.024769
0.029736
0.038977
0.051238
0.064754
0.077821
0.088398
0.093367
0.089273
0.074481
0.050467
0.021014
-0.009754
-0.039026
-0.065441
-0.087396
-0.101713
-0.10513
-0.097036
-0.080223
-0.05928
-0.038337
-0.01966
-0.003519
0.011043
0.025243
0.039881
0.054979
0.069161
0.078976
0.079771
0.068444
0.045615
0.015218
-0.017768
-0.049544
-0.078502
-0.104856
-0.129032
-0.149532
-0.162477
-0.164124
-0.15388
-0.134835
-0.111857
-0.08919
-0.06904
-0.051542
-0.035611
-0.019971
-0.003871
0.01241
0.027133
0.037459
0.041066
0.037738
0.029426
0.019021
0.008941
0.000371
-0.006698
-0.012939
-0.019091
-0.02559
-0.0325
-0.039639
-0.046771
-0.053735
-0.060441
-0.0665
-0.070534
-0.070172
-0.063409
-0.050155
-0.032737
-0.015455
-0.003224
0.000631
-0.004041
-0.014591
-0.027153
-0.037822
-0.043288
-0.041739
-0.033602
-0.02115
-0.007196
0.006131
0.017823
0.027404
0.034032
0.036477
0.03406
0.027378
0.018074
0.008009
-0.001498
-0.009958
-0.017552
-0.024694
-0.031407
-0.036821
-0.039391
-0.037934
-0.032505
-0.024358
-0.015187
-0.006341
0.001571
0.008613
0.015174
0.021465
0.02703
0.030733
0.031499
0.029131
0.024434
0.018696
0.013043
0.008061
0.003781
-0.000085
-0.003878
-0.007809
-0.011922
-0.016139
-0.020224
-0.023464
-0.024548
-0.022233
-0.016249
-0.007492
0.002543
0.012518
0.02171
0.030048
0.037853
0.045523
0.053223
0.060476
0.065933
0.0679
0.06544
0.059014
0.050168
0.040666
0.031744
0.023838
0.016749
0.010196
0.004724
0.002198
0.004886
0.0138
0.027952
0.045009
0.062551
0.079031
0.094028
0.107666
0.119275
0.126666
0.12738
0.120696
0.10824
0.092955
0.077583
0.063676
0.051467
0.040348
0.029514
0.018508
0.007762
-0.001001
-0.005293
-0.003381
0.004517
0.016412
0.029729
0.042474
0.05379
0.063818
0.073195
0.082437
0.091183
0.097572
0.098763
0.092719
0.079659
0.061889
0.042432
0.023642
0.006552
-0.008988
-0.02372
-0.038382
-0.053367
-0.068694
-0.084004
-0.098216
-0.109182
-0.114405
-0.112604
-0.104636
-0.092962
-0.080318
-0.068588
-0.058412
-0.049465
-0.041123
-0.033268
-0.026702
-0.022649
-0.021779
-0.023709
-0.027289
-0.031254
-0.034667
-0.036817
-0.036916
-0.034253
-0.028699
-0.020898
-0.011954
-0.002907
0.005626
0.013516
0.020958
0.028242
0.035479
0.042222
0.047319
0.049467
0.048121
0.043859
0.037991
0.031856
0.026298
0.021615
0.018047
0.016333
0.017565
0.022384
0.030405
0.040403
0.050963
0.061072
0.070353
0.078943
0.087172
0.09506
0.101753
0.105551
0.104942
0.099726
0.091149
0.081118
0.071267
0.062423
0.054611
0.047397
0.040286
0.032976
0.025472
0.018263
0.012524
0.009806
0.011135
0.016294
0.023973
0.03252
0.040598
0.047259
0.051703
0.053346
0.052197
0.048955
0.044688
0.04035
0.036481
0.033168
0.030215
0.027377
0.024588
0.022033
0.01999
0.0186
0.017767
0.017243
0.016772
0.016148
0.015091
0.01313
0.009766
0.004832
-0.001367
-0.008152
-0.014488
-0.018971
-0.020228
-0.01767
-0.011866
-0.004191
0.003896
0.011433
0.018124
0.024171
0.029964
0.035631
0.040372
0.042277
0.039391
0.031166
0.018815
0.004501
-0.00979
-0.022955
-0.034856
-0.045951
-0.056831
-0.067887
-0.079218
-0.090708
-0.102174
-0.113326
-0.123373
-0.130839
-0.134311
-0.133481
-0.129385
-0.123751
-0.118126
-0.113351
-0.10956
-0.106648
-0.10479
-0.104469
-0.10604
-0.10935
-0.113734
-0.118137
-0.121174
-0.121447
-0.118208
-0.111795
-0.103403
-0.094424
-0.08586
-0.078087
-0.070977
-0.064174
-0.057437
-0.051036
-0.045986
-0.043629
-0.04474
-0.048987
-0.055102
-0.061249
-0.065246
-0.065033
-0.059586
-0.04949
-0.036553
-0.022823
-0.009745
0.002155
0.01309
0.023585
0.034041
0.044296
0.053306
0.059474
0.061651
0.059943
0.055606
0.050299
0.045315
0.041263
0.038348
0.03693
0.037703
0.041203
0.04728
0.055089
0.063539
0.07177
0.07939
0.086436
0.093165
0.099843
0.106552
0.112892
0.117677
0.119231
0.116407
0.1094
0.099616
0.088855
0.078506
0.06916
0.060719
0.052737
0.044781
0.036621
0.028253
0.0198
0.011404
0.003153
-0.004941
-0.012911
-0.020803
-0.02865
-0.03646
-0.044227
-0.051935
-0.059574
-0.067139
-0.074633
-0.08206
-0.089424
-0.096614
-0.10299
-0.107033
-0.106865
-0.10147
-0.09144
-0.078604
-0.065025
-0.052146
-0.040641
-0.03111
-0.024702
-0.022604
-0.025006
-0.030801
-0.038204
-0.045612
-0.052145
-0.057701
-0.06265
-0.067462
-0.072406
-0.077191
-0.080494
-0.080116
-0.074235
-0.062702
-0.047126
-0.029882
-0.012999
0.002196
0.014551
0.022687
0.025601
0.023551
0.018082
0.011234
0.004647
-0.000906
-0.005421
-0.009047
-0.011224
-0.010474
-0.005359
0.004344
0.017429
0.032
0.046418
0.059906
0.072635
0.085349
0.098689
0.112439
0.125058
0.1342
0.138139
0.136886
0.132069
0.1259
0.120131
0.115545
0.112043
0.109082
0.106112
0.102835
0.099203
0.095159
0.090321
0.084001
0.075669
0.065387
0.053797
0.041752
0.029926
0.018624
0.007817
-0.002702
-0.013141
-0.023617
-0.034138
-0.044648
-0.055071
-0.065342
-0.075413
-0.085267
-0.094924
-0.10443
-0.113799
-0.122864
-0.131158
-0.138086
-0.143318
-0.147027
-0.149767
-0.152061
-0.154027
-0.155343
-0.155606
-0.15471
-0.152927
-0.150734
-0.148555
-0.146619
-0.144947
-0.143432
-0.141946
-0.140405
-0.138791
-0.136546
-0.13065
-0.114519
-0.080921
-0.027951
0.036144
0.094242
0.129345
0.134361
0.114396
0.08159
0.047878
0.020234
0.000099
-0.013827
-0.022464
-0.025692
-0.023591
-0.017309
-0.008778
0.000125
0.008228
0.015232
0.021449
0.027282
0.032497
0.035753
0.035146
0.029529
0.019345
0.006322
-0.007508
-0.020688
-0.032678
-0.043683
-0.05423
-0.064788
-0.075578
-0.086576
-0.097629
-0.10858
-0.119345
-0.129877
-0.139863
-0.148166
-0.152828
-0.152196
-0.146152
-0.136219
-0.124643
-0.113313
-0.103167
-0.094214
-0.085938
-0.077765
-0.069351
-0.060643
-0.051778
-0.042941
-0.034256
-0.025757
-0.017408
-0.009149
-0.000933
0.007258
0.015418
0.023525
0.031562
0.039521
0.047403
0.055213
0.062947
0.070544
0.077829
0.08455
0.090534
0.095811
0.1006
0.105177
0.10971
0.114137
0.118183
0.12156
0.124189
0.126235
0.127993
0.129729
0.131596
0.133661
0.136039
0.138952
0.142599
0.146987
0.151818
0.156268
0.158689
0.156986
0.149808
0.13748
0.121793
0.104987
0.088754
0.0738
0.05998
0.046738
0.033543
0.02012
0.00647
-0.00725
-0.020867
-0.034275
-0.047462
-0.060469
-0.073354
-0.086156
-0.09855
-0.108854
-0.113673
-0.109683
-0.096081
-0.075152
-0.050791
-0.026525
-0.004278
0.015735
0.034351
0.052616
0.071216
0.090014
0.107311
0.119768
0.124193
0.119794
0.108652
0.094336
0.080068
0.067596
0.057104
0.047819
0.038815
0.02978
0.021613
0.016252
0.015453
0.019535
0.027223
0.036494
0.045479
0.052671
0.056716
0.056633
0.052389
0.045035
0.036179
0.027261
0.019084
0.01177
0.005014
-0.001589
-0.008314
-0.015236
-0.022279
-0.029317
-0.036252
-0.043051
-0.049729
-0.056325
-0.062715
-0.068121
-0.070941
-0.069594
-0.063691
-0.054308
-0.043289
-0.032306
-0.02229
-0.013439
-0.005541
0.001719
0.008623
0.015374
0.022085
0.028792
0.035484
0.042135
0.048725
0.055252
0.06173
0.068177
0.074569
0.080746
0.086362
0.091039
0.094629
0.097314
0.099489
0.101554
0.103698
0.105604
0.106175
0.103834
0.097492
0.087309
0.074577
0.060966
0.047762
0.03552
0.024148
0.013234
0.002418
-0.008227
-0.017937
-0.025502
-0.030035
-0.031599
-0.031137
-0.029904
-0.028888
-0.028521
-0.028748
-0.029337
-0.030422
-0.032886
-0.038015
-0.046597
-0.058323
-0.071897
-0.085271
-0.095711
-0.100392
-0.097773
-0.088536
-0.075142
-0.060474
-0.046617
-0.034368
-0.02347
-0.013191
-0.002948
0.007075
0.015499
0.020187
0.019596
0.01385
0.004622
-0.005878
-0.015921
-0.024747
-0.032466
-0.039619
-0.046748
-0.054143
-0.061817
-0.069529
-0.076589
-0.081678
-0.083275
-0.080612
-0.074218
-0.065593
-0.056398
-0.047773
-0.040106
-0.033195
-0.026603
-0.01996
-0.013103
-0.006066
0.001023
0.008039
0.014868
0.021174
0.026096
0.028394
0.027211
0.022717
0.016022
0.008542
0.001373
-0.005016
-0.010701
-0.016027
-0.021337
-0.026811
-0.032354
-0.037342
-0.040526
-0.040593
-0.037044
-0.030529
-0.022423
-0.014096
-0.006398
0.000472
0.006757
0.012842
0.019015
0.025313
0.03134
0.036169
0.038696
0.038336
0.035415
0.030944
0.026062
0.021556
0.017697
0.014394
0.011645
0.009995
0.01047
0.013878
0.020157
0.028399
0.037375
0.046105
0.054102
0.061034
0.065962
0.06712
0.062953
0.053364
0.03987
0.024718
0.009813
-0.003888
-0.01636
-0.028111
-0.039713
-0.05136
-0.062284
-0.070565
-0.074065
-0.071893
-0.064994
-0.0555
-0.045585
-0.03661
-0.028922
-0.022186
-0.016058
-0.010787
-0.007219
-0.006131
-0.007577
-0.010831
-0.014763
-0.018073
-0.019348
-0.017373
-0.011738
-0.003097
0.007201
0.017794
0.027811
0.037011
0.045604
0.053834
0.061347
0.066866
0.068835
0.066549
0.060671
0.052782
0.044527
0.03696
0.030368
0.024485
0.018855
0.013124
0.007158
0.001013
-0.005175
-0.011295
-0.017315
-0.023263
-0.029184
-0.035106
-0.040999
-0.046598
-0.051065
-0.053026
-0.051343
-0.045947
-0.0379
-0.028748
-0.019789
-0.011659
-0.004359
0.002468
0.009215
0.016118
0.023212
0.0304
0.037557
0.044597
0.051382
0.05736
0.061405
0.062406
0.060101
0.05527
0.049245
0.043229
0.03788
0.0333
0.029374
0.026204
0.024211
0.023789
0.024923
0.027156
0.029781
0.031939
0.032592
0.030783
0.026144
0.019138
0.0108
0.002199
-0.005967
-0.013491
-0.020527
-0.027362
-0.034224
-0.041205
-0.048243
-0.055097
-0.061347
-0.066585
-0.070669
-0.07381
-0.076345
-0.078181
-0.078366
-0.075462
-0.068582
-0.058081
-0.045324
-0.031925
-0.019049
-0.007195
0.003492
0.012817
0.020536
0.026571
0.031055
0.034242
0.03647
0.038121
0.039545
0.040986
0.042546
0.04426
0.046282
0.048989
0.052779
0.057755
0.063637
0.069937
0.076093
0.081213
0.083738
0.081882
0.074757
0.063045
0.048607
0.033493
0.019113
0.005941
-0.006266
-0.018049
-0.029862
-0.041821
-0.05334
-0.062783
-0.067892
-0.067141
-0.060832
-0.051028
-0.040618
-0.032141
-0.026859
-0.024539
-0.023981
-0.023829
-0.023183
-0.021774
-0.019783
-0.017527
-0.015242
-0.013017
-0.010844
-0.00868
-0.006496
-0.004288
-0.002071
0.000049
0.001645
0.001877
-0.000068
-0.004382
-0.010494
-0.017441
-0.024316
-0.030437
-0.035256
-0.038368
-0.0397
-0.039613
-0.038744
-0.037715
-0.036915
-0.03645
-0.036268
-0.036431
-0.037267
-0.039177
-0.042289
-0.046344
-0.050861
-0.055383
-0.05965
-0.063572
-0.066952
-0.069132
-0.069074
-0.066028
-0.060117
-0.052285
-0.043761
-0.035503
-0.027934
-0.020997
-0.014395
-0.007828
-0.001137
0.005688
0.012564
0.019393
0.0261
0.032534
0.038252
0.042508
0.044675
0.044718
0.043233
0.041094
0.039014
0.037255
0.035607
0.033633
0.031019
0.027781
0.024311
0.021303
0.019462
0.019134
0.020138
0.021925
0.023894
0.025611
0.026853
0.027539
0.027694
0.027442
0.026963
0.026431
0.025952
0.025561
0.025234
0.024936
0.024678
0.024561
0.024753
0.025381
0.026434
0.027774
0.029218
0.030641
0.03212
0.034042
0.03699
0.041381
0.047169
0.053886
0.060916
0.067781
0.074218
0.079905
0.084037
0.085405
0.083153
0.07746
0.069471
0.060657
0.052158
0.04447
0.037523
0.030958
0.024422
0.017725
0.010858
0.003934
-0.002856
-0.009263
-0.015055
-0.02014
-0.024619
-0.028691
-0.032498
-0.036046
-0.039276
-0.042076
-0.044037
-0.044315
-0.042076
-0.037159
-0.030226
-0.022364
-0.014544
-0.007294
-0.000667
0.005569
0.011701
0.017918
0.024263
0.030678
0.037071
0.043303
0.048943
0.053036
0.054408
0.052436
0.047507
0.040787
0.033588
0.026823
0.02081
0.015402
0.010254
0.005071
-0.000278
-0.005772
-0.011311
-0.016794
-0.02215
-0.027198
-0.03137
-0.033697
-0.033366
-0.030327
-0.025346
-0.019546
-0.013871
-0.008781
-0.004188
0.000462
0.005952
0.012867
0.021172
0.029895
0.037162
0.040925
0.040118
0.035233
0.0279
0.019947
0.012628
0.006359
0.00091
-0.00421
-0.009379
-0.01461
-0.019514
-0.02356
-0.02646
-0.028336
-0.029601
-0.030715
-0.031982
-0.033511
-0.035313
-0.037435
-0.039966
-0.042938
-0.046271
-0.049781
-0.053162
-0.055846
-0.057039
-0.05613
-0.053124
-0.048646
-0.043576
-0.038634
-0.034172
-0.030271
-0.027029
-0.024731
-0.023671
-0.023862
-0.024966
-0.026483
-0.027978
-0.029224
-0.030207
-0.031016
-0.031659
-0.031884
-0.031236
-0.02936
-0.026277
-0.02237
-0.018159
-0.014186
-0.011285
-0.010742
-0.013708
-0.020301
-0.029248
-0.038394
-0.045783
-0.050562
-0.05311
-0.054498
-0.055795
-0.057645
-0.060287
-0.063826
-0.068228
-0.072782
-0.075732
-0.075014
-0.069588
-0.060061
-0.048181
-0.035835
-0.024267
-0.013842
-0.004276
0.004955
0.014265
0.023819
0.033561
0.043335
0.052919
0.061732
0.068392
0.070969
0.06815
0.060218
0.048902
0.036398
0.02439
0.013675
0.004528
-0.002729
-0.007679
-0.010232
-0.010866
-0.010443
-0.009808
-0.009492
-0.009648
-0.0102
-0.011049
-0.012163
-0.013532
-0.015113
-0.016823
-0.018567
-0.020302
-0.022147
-0.024515
-0.028004
-0.03303
-0.039531
-0.047004
-0.054799
-0.062249
-0.068321
-0.071396
-0.070014
-0.063944
-0.054384
-0.04324
-0.03219
-0.022123
-0.013113
-0.004746
0.003477
0.011875
0.020515
0.029291
0.038007
0.046194
0.052637
0.055392
0.052862
0.044983
0.033296
0.020033
0.007053
-0.00473
-0.015322
-0.025236
-0.035036
-0.045026
-0.054969
-0.063769
-0.069645
-0.071139
-0.068132
-0.061899
-0.054312
-0.046939
-0.040547
-0.035131
-0.030257
-0.025446
-0.020417
-0.015141
-0.009821
-0.004842
-0.000638
0.002538
0.004768
0.006486
0.008423
0.011415
0.01603
0.022261
0.029586
0.0373
0.044841
0.05196
0.058685
0.065189
0.071647
0.078152
0.084711
0.091277
0.097793
0.104111
0.109597
0.112774
0.111817
0.105742
0.095135
0.081786
0.067717
0.054339
0.042146
0.03091
0.020101
0.009263
-0.001731
-0.012351
-0.021092
-0.025886
-0.025331
-0.019674
-0.010635
-0.000406
0.009331
0.017746
0.024355
0.028379
0.028897
0.025618
0.019273
0.011264
0.002982
-0.004701
-0.011559
-0.017823
-0.02384
-0.029687
-0.034894
-0.03859
-0.040094
-0.039414
-0.037221
-0.034484
-0.032191
-0.031261
-0.032383
-0.035722
-0.040821
-0.046849
-0.053006
-0.058799
-0.06411
-0.069045
-0.07355
-0.076878
-0.077566
-0.074316
-0.06698
-0.056677
-0.045107
-0.03372
-0.02325
-0.013719
-0.00474
0.004126
0.013146
0.022368
0.031689
0.040969
0.050111
0.059088
0.067926
0.076629
0.084869
0.091452
0.094354
0.091877
0.083901
0.071982
0.058412
0.045115
0.033045
0.022268
0.01266
0.004724
-0.000344
-0.001534
0.001093
0.006376
0.012713
0.01881
0.02399
0.027927
0.030221
0.030416
0.028421
0.024774
0.020526
0.016809
0.014345
0.013214
0.012989
0.013076
0.013002
0.012416
0.010812
0.007414
0.001664
-0.006037
-0.014153
-0.02078
-0.024729
-0.02604
-0.025675
-0.024831
-0.024365
-0.024577
-0.025321
-0.026265
-0.027209
-0.02847
-0.031026
-0.036023
-0.043966
-0.054381
-0.066145
-0.078068
-0.089219
-0.098883
-0.106512
-0.111921
-0.115455
-0.117853
-0.119902
-0.122139
-0.124753
-0.12766
-0.130558
-0.132751
-0.133099
-0.130573
-0.12498
-0.117095
-0.108174
-0.099325
-0.091137
-0.083657
-0.076613
-0.069675
-0.062631
-0.055437
-0.048161
-0.04091
-0.033757
-0.026812
-0.020496
-0.015728
-0.013522
-0.014271
-0.017459
-0.021977
-0.026709
-0.030861
-0.033745
-0.034445
-0.032059
-0.026348
-0.018003
-0.008285
0.001589
0.010881
0.019426
0.027443
0.035272
0.04316
0.05119
0.059308
0.067385
0.075283
0.082914
0.09024
0.097094
0.102934
0.106931
0.108497
0.107743
0.10543
0.102541
0.099836
0.097649
0.095931
0.094442
0.092926
0.091128
0.088693
0.085194
0.080367
0.074323
0.067504
0.060445
0.053547
0.046976
0.040696
0.034575
0.028489
0.022373
0.016311
0.010817
0.00706
0.006462
0.009781
0.016566
0.025444
0.034872
0.043773
0.051723
0.058556
0.063753
0.066343
0.065575
0.061594
0.05543
0.048438
0.041689
0.035671
0.030336
0.025362
0.020419
0.015398
0.010672
0.007166
0.005905
0.007314
0.010948
0.0158
0.020838
0.025356
0.028988
0.031568
0.033096
0.033772
0.033938
0.033946
0.034035
0.034292
0.034683
0.035126
0.035548
0.035917
0.036244
0.036564
0.036911
0.037298
0.037719
0.038152
0.038581
0.038995
0.039408
0.039897
0.040615
0.041712
0.043223
0.045046
0.04701
0.048961
0.050776
0.052208
0.052645
0.051212
0.047305
0.04105
0.033243
0.024899
0.0168
0.009283
0.002293
-0.004362
-0.010615
-0.015859
-0.019187
-0.020036
-0.018613
-0.015757
-0.012464
-0.009495
-0.007371
-0.006586
-0.007609
-0.010605
-0.015234
-0.020798
-0.026569
-0.032066
-0.037136
-0.041872
-0.046444
-0.050902
-0.05506
-0.05859
-0.061267
-0.063137
-0.064477
-0.065576
-0.066415
-0.066495
-0.065133
-0.061986
-0.0573
-0.051738
-0.046009
-0.040582
-0.035591
-0.030931
-0.026405
-0.021856
-0.017224
-0.01253
-0.007831
-0.003181
0.001394
0.005898
0.010274
0.014162
0.016751
0.017145
0.014988
0.010723
0.005312
-0.000276
-0.005433
-0.010008
-0.014168
-0.018163
-0.0221
-0.025857
-0.029203
-0.032011
-0.034342
-0.036392
-0.038373
-0.040421
-0.042572
-0.04479
-0.046981
-0.048897
-0.050047
-0.049853
-0.048016
-0.044737
-0.040594
-0.03623
-0.032091
-0.028327
-0.024863
-0.021531
-0.018186
-0.014765
-0.011279
-0.007778
-0.004312
-0.000903
0.002446
0.005703
0.008621
0.010581
0.010808
0.008879
0.005033
0.000023
-0.005298
-0.010334
-0.014874
-0.019013
-0.022974
-0.02695
-0.031028
-0.035162
-0.039123
-0.042515
-0.04498
-0.046439
-0.047134
-0.047467
-0.047797
-0.048324
-0.049113
-0.050174
-0.051496
-0.053036
-0.054694
-0.05623
-0.057076
-0.056367
-0.053407
-0.048172
-0.041327
-0.033828
-0.026473
-0.019646
-0.013342
-0.00734
-0.001399
0.004619
0.010665
0.016458
0.021551
0.025582
0.028517
0.030666
0.03251
0.034526
0.03704
0.040151
0.043736
0.047554
0.051374
0.05506
0.058587
0.061999
0.065363
0.068723
0.072094
0.075465
0.078815
0.082033
0.084631
0.085643
0.084125
0.079853
0.073485
0.066138
0.058821
0.052101
0.046149
0.041028
0.036867
0.033763
0.031615
0.03011
0.028863
0.027576
0.026104
0.024377
0.022208
0.019229
0.015106
0.009818
0.003697
-0.002766
-0.009151
-0.015137
-0.020087
-0.022623
-0.021025
-0.014374
-0.003266
0.010536
0.025043
0.038868
0.051522
0.063143
0.073693
0.082118
0.086486
0.085293
0.078667
0.068322
0.056565
0.04523
0.035149
0.026243
0.018061
0.010555
0.004462
0.000787
-0.000069
0.00137
0.004008
0.006773
0.008981
0.010272
0.010392
0.009192
0.006783
0.003552
-0.000009
-0.003507
-0.006751
-0.009743
-0.012592
-0.015419
-0.018303
-0.021263
-0.024269
-0.027278
-0.030252
-0.033177
-0.036055
-0.038898
-0.041717
-0.044519
-0.047304
-0.050069
-0.05281
-0.055524
-0.058212
-0.060871
-0.063488
-0.06603
-0.068468
-0.070795
-0.07303
-0.075211
-0.077371
-0.079527
-0.081665
-0.083627
-0.084901
-0.084643
-0.082152
-0.077384
-0.070991
-0.063927
-0.05699
-0.050574
-0.04468
-0.039087
-0.033553
-0.027934
-0.022207
-0.016431
-0.010685
-0.00502
0.00055
0.00604
0.011409
0.016315
0.019905
0.021111
0.019353
0.014957
0.008957
0.002523
-0.003525
-0.0089
-0.013732
-0.018328
-0.022952
-0.027724
-0.032625
-0.037565
-0.042455
-0.047248
-0.051944
-0.056567
-0.061092
-0.065179
-0.067862
-0.067753
-0.063894
-0.056457
-0.046647
-0.036005
-0.025721
-0.016308
-0.007682
0.000536
0.008717
0.017057
0.02553
0.033718
0.040464
0.043964
0.042761
0.036791
0.027432
0.016675
0.006174
-0.003263
-0.011648
-0.019441
-0.027145
-0.03497
-0.042462
-0.048324
-0.050941
-0.049419
-0.044188
-0.036693
-0.028583
-0.021014
-0.01439
-0.008523
-0.002979
0.002615
0.008351
0.01382
0.018122
0.020377
0.020335
0.018516
0.015845
0.013197
0.011199
0.010289
0.010742
0.012564
0.015439
0.018864
0.022328
0.025334
0.027364
0.028003
0.027186
0.025251
0.022762
0.020234
0.017962
0.015994
0.014226
0.01251
0.010747
0.008953
0.007392
0.006622
0.007238
0.009475
0.013046
0.017333
0.021717
0.025814
0.029531
0.032977
0.036325
0.039707
0.043166
0.04668
0.050195
0.05365
0.05688
0.059402
0.060416
0.059261
0.055898
0.05096
0.045364
0.039881
0.034891
0.030421
0.026448
0.023238
0.021367
0.021304
0.023013
0.025878
0.028798
0.030406
0.029588
0.026033
0.020341
0.013595
0.006809
0.000555
-0.005057
-0.010101
-0.014385
-0.017302
-0.018235
-0.017085
-0.014387
-0.011011
-0.007836
-0.005546
-0.004493
-0.004619
-0.00554
-0.006768
-0.007865
-0.00837
-0.007703
-0.005397
-0.001423
0.003755
0.009451
0.015078
0.020334
0.025205
0.029844
0.034424
0.039054
0.043754
0.048393
0.05243
0.054781
0.054291
0.050521
0.044063
0.03616
0.028055
0.020542
0.013953
0.008467
0.004305
0.001595
0.000176
-0.000402
-0.000665
-0.001012
-0.001613
-0.002443
-0.003377
-0.004294
-0.00509
-0.005551
-0.005259
-0.003755
-0.000871
0.003141
0.007757
0.012451
0.016897
0.021015
0.024875
0.028438
0.031199
0.032164
0.030456
0.025973
0.019475
0.012115
0.004876
-0.001745
-0.007732
-0.013349
-0.018809
-0.023863
-0.027607
-0.028951
-0.0274
-0.023401
-0.018033
-0.012418
-0.007288
-0.002945
0.000433
0.002554
0.003157
0.0023
0.000422
-0.001827
-0.003818
-0.00513
-0.005663
-0.005601
-0.00526
-0.004919
-0.004727
-0.004696
-0.004758
-0.004831
-0.004862
-0.004842
-0.004787
-0.004724
-0.004673
-0.004638
-0.004624
-0.004679
-0.004946
-0.005637
-0.006901
-0.008712
-0.010885
-0.013183
-0.01542
-0.017517
-0.019486
-0.021385
-0.023272
-0.025178
-0.027104
-0.029033
-0.030948
-0.032835
-0.034677
-0.036319
-0.037242
-0.03657
-0.033572
-0.028199
-0.02113
-0.013361
-0.005726
0.00136
0.007861
0.013833
0.019178
0.023707
0.027359
0.03031
0.032882
0.035384
0.038004
0.040793
0.043737
0.046828
0.050069
0.053444
0.056905
0.06039
0.063846
0.067244
0.070558
0.073591
0.075656
0.075589
0.072412
0.06606
0.057436
0.047867
0.038469
0.029796
0.021856
0.014396
0.007208
0.000279
-0.006293
-0.012451
-0.018251
-0.023832
-0.029334
-0.034849
-0.0404
-0.045962
-0.051494
-0.056886
-0.061682
-0.064829
-0.065035
-0.061602
-0.054948
-0.046345
-0.037225
-0.02859
-0.020789
-0.01366
-0.006826
0.000035
0.007068
0.01425
0.021471
0.028622
0.035645
0.04254
0.049243
0.055291
0.05963
0.061085
0.059187
0.054516
0.048328
0.041898
0.036023
0.030902
0.026346
0.022135
0.018276
0.01494
0.012241
0.010101
0.008296
0.006581
0.004792
0.002879
0.000879
-0.001141
-0.003125
-0.00504
-0.006789
-0.008051
-0.008271
-0.006983
-0.004154
-0.000222
0.004171
0.008483
0.012447
0.01606
0.019469
0.022837
0.026265
0.029766
0.033302
0.03682
0.040285
0.043687
0.047035
0.050257
0.05291
0.054085
0.052882
0.04908
0.043293
0.036574
0.029878
0.023726
0.01818
0.013013
0.007942
0.002793
-0.002402
-0.007378
-0.011752
-0.015254
-0.0179
-0.019961
-0.021794
-0.023678
-0.02573
-0.027888
-0.029814
-0.030834
-0.030176
-0.027444
-0.022894
-0.017262
-0.011363
-0.005759
-0.000639
0.004098
0.008667
0.013249
0.017926
0.022594
0.026747
0.029362
0.029357
0.02632
0.020796
0.013936
0.006888
0.000365
-0.005415
-0.010335
-0.013853
-0.014979
-0.012952
-0.007885
-0.000753
0.007152
0.014809
0.021756
0.028038
0.033964
0.03985
0.045871
0.052039
0.058271
0.064463
0.070551
0.076521
0.082218
0.086789
0.088465
0.085498
0.077461
0.065553
0.05183
0.038156
0.025552
0.014134
0.003462
-0.007016
-0.017664
-0.028568
-0.039619
-0.050643
-0.061511
-0.072178
-0.082349
-0.090475
-0.093365
-0.087866
-0.073209
-0.051567
-0.026653
-0.001832
0.020786
0.039663
0.052912
0.058903
0.057659
0.051149
0.042263
0.033483
0.026101
0.020206
0.015184
0.010302
0.005099
-0.000519
-0.006391
-0.012287
-0.018025
-0.023405
-0.027978
-0.030998
-0.031841
-0.030486
-0.027561
-0.02397
-0.020473
-0.017456
-0.015035
-0.013382
-0.012898
-0.013975
-0.016626
-0.020416
-0.024703
-0.028934
-0.032825
-0.036363
-0.039687
-0.042964
-0.046296
-0.049701
-0.053145
-0.056573
-0.059959
-0.063344
-0.066885
-0.070807
-0.075266
-0.080241
-0.085548
-0.090949
-0.096261
-0.101403
-0.10639
-0.111281
-0.116063
-0.12037
-0.123267
-0.123574
-0.120644
-0.114833
-0.107268
-0.099232
-0.091622
-0.084755
-0.078489
-0.072486
-0.066457
-0.060271
-0.053947
-0.047585
-0.041283
-0.03509
-0.02901
-0.023012
-0.017059
-0.011118
-0.005174
0.000768
0.00669
0.012572
0.018398
0.024166
0.029876
0.035536
0.04115
0.04672
0.05218
0.057163
0.060799
0.06201
0.060216
0.055755
0.049677
0.043162
0.037039
0.031594
0.02673
0.022305
0.018393
0.015209
0.012853
0.011185
0.009902
0.008696
0.007373
0.005885
0.004288
0.002669
0.001093
-0.000417
-0.001872
-0.003298
-0.004713
-0.006074
-0.007204
-0.007802
-0.007614
-0.006621
-0.005049
-0.003235
-0.00146
0.000137
0.001554
0.00287
0.004169
0.005503
0.006874
0.008206
0.009288
0.009795
0.009468
0.008294
0.006519
0.004498
0.002525
0.000741
-0.000854
-0.002344
-0.003817
-0.005327
-0.006844
-0.008154
-0.008815
-0.008353
-0.006588
-0.003752
-0.00034
0.00315
0.00641
0.009366
0.012106
0.014743
0.017246
0.019326
0.02056
0.020688
0.019802
0.018278
0.016561
0.014973
0.013635
0.012504
0.011463
0.010409
0.009293
0.008119
0.006923
0.005737
0.004581
0.003457
0.002355
0.001263
0.000175
-0.000912
-0.001995
-0.003069
-0.004134
-0.005181
-0.006161
-0.006904
-0.007123
-0.006582
-0.005264
-0.00339
-0.001286
0.000778
0.002648
0.0042
0.005178
0.005192
0.003967
0.001572
-0.001602
-0.005053
-0.008394
-0.011455
-0.01426
-0.01693
-0.019585
-0.02229
-0.025048
-0.027812
-0.030423
-0.032457
-0.03324
-0.032225
-0.029387
-0.025253
-0.020584
-0.016014
-0.011853
-0.008099
-0.004577
-0.001093
0.002448
0.005945
0.009033
0.011197
0.012086
0.011747
0.010587
0.009131
0.007783
0.006716
0.0059
0.005216
0.004598
0.00411
0.003892
0.004038
0.004516
0.0052
0.005939
0.006627
0.007222
0.007699
0.007957
0.007792
0.007022
0.005632
0.003794
0.001765
-0.000234
-0.002093
-0.003808
-0.005437
-0.007046
-0.008675
-0.010332
-0.01196
-0.013321
-0.01393
-0.013268
-0.011138
-0.007805
-0.003826
0.000224
0.003899
0.006841
0.008758
0.009538
0.009349
0.008571
0.007619
0.00678
0.006159
0.005713
0.005355
0.005096
0.005169
0.005969
0.007795
0.010627
0.01414
0.017899
0.021561
0.024971
0.028146
0.031193
0.034218
0.037281
0.040385
0.043501
0.046595
0.049577
0.052114
0.053546
0.053232
0.051022
0.04737
0.043041
0.038728
0.034806
0.031318
0.028098
0.024942
0.021715
0.018386
0.014996
0.011609
0.008275
0.005008
0.001799
-0.001373
-0.004524
-0.007661
-0.010783
-0.013884
-0.016958
-0.020004
-0.023019
-0.025954
-0.028527
-0.030131
-0.0301
-0.028172
-0.02468
-0.020341
-0.015875
-0.011733
-0.008025
-0.004628
-0.00134
0.001992
0.005416
0.008874
0.012195
0.015145
0.017549
0.019403
0.020865
0.022159
0.023468
0.024865
0.026266
0.027434
0.028087
0.02807
0.027451
0.026466
0.025383
0.024388
0.023545
0.022822
0.022147
0.021461
0.020736
0.019977
0.019216
0.018534
0.01811
0.018182
0.018909
0.020252
0.022
0.023885
0.025704
0.027371
0.028891
0.030238
0.031171
0.031209
0.029928
0.02728
0.023641
0.019579
0.015578
0.011885
0.008507
0.005315
0.002163
-0.00104
-0.004308
-0.007609
-0.010886
-0.014036
-0.016807
-0.018806
-0.01971
-0.019509
-0.018521
-0.017201
-0.015927
-0.014887
-0.014077
-0.013432
-0.013029
-0.013185
-0.014272
-0.016408
-0.019369
-0.022734
-0.026106
-0.02923
-0.031893
-0.0337
-0.034083
-0.032653
-0.02952
-0.025261
-0.020603
-0.016106
-0.012012
-0.008285
-0.004748
-0.001226
0.002372
0.006051
0.009761
0.013445
0.017068
0.020625
0.024129
0.027508
0.030326
0.031679
0.030676
0.027096
0.021548
0.015075
0.008624
0.002712
-0.0026
-0.007538
-0.01238
-0.017313
-0.022373
-0.027444
-0.032239
-0.036359
-0.039502
-0.041664
-0.043131
-0.044304
-0.045511
-0.046906
-0.048482
-0.050144
-0.051791
-0.053367
-0.054803
-0.055771
-0.055469
-0.052883
-0.04746
-0.039518
-0.030054
-0.020196
-0.010738
-0.001973
0.006123
0.013575
0.020253
0.026009
0.030874
0.035098
0.039027
0.042945
0.046994
0.051176
0.055365
0.059206
0.06201
0.062976
0.061698
0.058454
0.054032
0.049306
0.044878
0.040952
0.037423
0.034061
0.03067
0.027166
0.023578
0.020086
0.017134
0.015387
0.015372
0.017102
0.020068
0.023541
0.026876
0.029568
0.031156
0.0313
0.029984
0.02757
0.024606
0.021504
0.018331
0.014865
0.010853
0.006239
0.001187
-0.004034
-0.00919
-0.014165
-0.018958
-0.023634
-0.028265
-0.032837
-0.03702
-0.040003
-0.040779
-0.0388
-0.034371
-0.028456
-0.022141
-0.016174
-0.010788
-0.005812
-0.000987
0.003622
0.00747
0.009883
0.01059
0.009906
0.008497
0.007015
0.005847
0.005066
0.004538
0.004072
0.003533
0.00288
0.002144
0.001385
0.00065
-0.000043
-0.000699
-0.001332
-0.001923
-0.002358
-0.002432
-0.001972
-0.000959
0.00045
0.002026
0.003574
0.004997
0.006294
0.007516
0.008724
0.009952
0.011207
0.012439
0.013446
0.013849
0.013287
0.011675
0.009267
0.006491
0.003729
0.00119
-0.001105
-0.003247
-0.005352
-0.007483
-0.009631
-0.011726
-0.013693
-0.015505
-0.017187
-0.018797
-0.020392
-0.022001
-0.023629
-0.025263
-0.026887
-0.028489
-0.030067
-0.031623
-0.033165
-0.034699
-0.036237
-0.037796
-0.039382
-0.040993
-0.042616
-0.044233
-0.045831
-0.047407
-0.04896
-0.050496
-0.052018
-0.053529
-0.05502
-0.056425
-0.057521
-0.057937
-0.057366
-0.055786
-0.053486
-0.050884
-0.048333
-0.046006
-0.043904
-0.04193
-0.039978
-0.037983
-0.035946
-0.033936
-0.032078
-0.030486
-0.029186
-0.028111
-0.027146
-0.026186
-0.025178
-0.024124
-0.023095
-0.022248
-0.02178
-0.021818
-0.022331
-0.023154
-0.024083
-0.024962
-0.025727
-0.026392
-0.027008
-0.027624
-0.028264
-0.028939
-0.029683
-0.030604
-0.031842
-0.033478
-0.035467
-0.037669
-0.039921
-0.04211
-0.044164
-0.045917
-0.046909
-0.046464
-0.04411
-0.039937
-0.034554
-0.028745
-0.023117
-0.017932
-0.01315
-0.008581
-0.004035
0.000589
0.005295
0.010029
0.01473
0.019288
0.023343
0.026195
0.027163
0.026093
0.023472
0.02012
0.016776
0.013842
0.01136
0.009157
0.007011
0.004781
0.002432
0.00001
-0.002382
-0.004508
-0.005983
-0.006457
-0.005864
-0.004472
-0.002712
-0.000966
0.000562
0.001855
0.003007
0.004132
0.005303
0.006536
0.007806
0.009077
0.010329
0.011586
0.012917
0.014393
0.01604
0.017818
0.019655
0.021481
0.023256
0.024978
0.026673
0.028402
0.030248
0.03227
0.034468
0.036752
0.038885
0.040486
0.041216
0.041004
0.04008
0.038828
0.037587
0.036536
0.035692
0.034969
0.034266
0.033518
0.032712
0.031869
0.031022
0.030188
0.029344
0.028397
0.027214
0.025703
0.023877
0.021842
0.019741
0.017681
0.01571
0.013819
0.011974
0.010141
0.008302
0.006456
0.004613
0.002784
0.000977
-0.000766
-0.002227
-0.002971
-0.00257
-0.00092
0.001683
0.004732
0.00777
0.010547
0.013035
0.015342
0.017603
0.019908
0.022245
0.02441
0.025982
0.026512
0.025828
0.024144
0.02192
0.019616
0.017518
0.015693
0.014076
0.012634
0.01153
0.011102
0.011624
0.013087
0.015201
0.017565
0.019858
0.021921
0.023691
0.025015
0.025577
0.025086
0.023524
0.021187
0.018515
0.015884
0.013483
0.011322
0.0093
0.007306
0.005271
0.003182
0.001064
-0.00104
-0.003052
-0.004784
-0.005942
-0.006287
-0.005811
-0.004751
-0.003445
-0.002178
-0.001088
-0.000172
0.000646
0.001453
0.0023
0.003194
0.004113
0.005031
0.005929
0.006802
0.007655
0.008497
0.009335
0.010171
0.011004
0.011832
0.012652
0.013463
0.014262
0.015013
0.015597
0.015815
0.015499
0.014639
0.013389
0.011977
0.010592
0.009329
0.008187
0.007116
0.006057
0.004976
0.003867
0.002744
0.001626
0.000526
-0.000551
-0.001589
-0.00256
-0.003432
-0.004201
-0.004887
-0.005532
-0.00617
-0.00682
-0.007485
-0.008157
-0.008825
-0.009483
-0.010129
-0.010764
-0.011384
-0.011939
-0.012308
-0.01234
-0.011953
-0.011193
-0.010207
-0.00916
-0.008168
-0.007273
-0.006456
-0.005672
-0.004886
-0.004099
-0.003416
-0.003049
-0.00321
-0.003954
-0.005143
-0.006541
-0.007935
-0.009206
-0.010342
-0.011392
-0.012421
-0.013471
-0.014553
-0.015656
-0.016776
-0.017918
-0.019097
-0.020316
-0.021566
-0.022825
-0.024075
-0.025305
-0.026514
-0.027704
-0.028877
-0.029987
-0.030873
-0.031259
-0.030917
-0.029831
-0.028212
-0.026368
-0.024562
-0.02292
-0.021445
-0.020064
-0.018699
-0.017302
-0.015867
-0.014412
-0.012792
-0.010181
-0.005032
0.003519
0.014218
0.024266
0.031285
0.034592
0.035061
0.03418
0.033181
0.032669
0.032686
0.032972
0.033237
0.033319
0.033207
0.032986
0.032752
0.03257
0.032451
0.032374
0.032307
0.03224
0.032244
0.03251
0.033276
0.034675
0.036557
0.038304
0.038861
0.037267
0.03327
0.027438
0.02076
0.014126
0.008016
0.002477
-0.002708
-0.007804
-0.012986
-0.018276
-0.023482
-0.028063
-0.031191
-0.032209
-0.031088
-0.028447
-0.025195
-0.022163
-0.019903
-0.018599
-0.018088
-0.018016
-0.018027
-0.017884
-0.01743
-0.016484
-0.014842
-0.012415
-0.009321
-0.005838
-0.002267
0.001189
0.004459
0.007578
0.010624
0.013663
0.016724
0.019745
0.02243
0.024199
0.024496
0.023191
0.020664
0.017566
0.014479
0.011721
0.009325
0.007151
0.005027
0.002838
0.000574
-0.001655
-0.003628
-0.005125
-0.006061
-0.006535
-0.006758
-0.00694
-0.007209
-0.007594
-0.008055
-0.008534
-0.008986
-0.009397
-0.009777
-0.010143
-0.010511
-0.010887
-0.011269
-0.011652
-0.012031
-0.012395
-0.0127
-0.012857
-0.012764
-0.012382
-0.011764
-0.011017
-0.010252
-0.009536
-0.008886
-0.008285
-0.0077
-0.007109
-0.006504
-0.005889
-0.005273
-0.004664
-0.004065
-0.003477
-0.002896
-0.002319
-0.001752
-0.001234
-0.000858
-0.000739
-0.000939
-0.001422
-0.002078
-0.002779
-0.003439
-0.004025
-0.004554
-0.005057
-0.005563
-0.006085
-0.00662
-0.007161
-0.007714
-0.008326
-0.009082
-0.010058
-0.011261
-0.012627
-0.014058
-0.01547
-0.016823
-0.018116
-0.01937
-0.020612
-0.021855
-0.023104
-0.024315
-0.025297
-0.025678
-0.025093
-0.023459
-0.021025
-0.018219
-0.015425
-0.012854
-0.010527
-0.008353
-0.006217
-0.004046
-0.001821
0.000435
0.002685
0.004904
0.007081
0.009223
0.01134
0.013443
0.015535
0.017616
0.019645
0.021441
0.022639
0.022882
0.022087
0.0205
0.018539
0.016584
0.014846
0.013389
0.012216
0.011329
0.010719
0.010331
0.010075
0.00986
0.009624
0.009343
0.009028
0.0087
0.008379
0.008074
0.007783
0.007501
0.007191
0.006711
0.005775
0.004107
0.001641
-0.001429
-0.004776
-0.008102
-0.011196
-0.013782
-0.015411
-0.01566
-0.014465
-0.01219
-0.009417
-0.00666
-0.004195
-0.002048
-0.000095
0.001817
0.003754
0.005581
0.006951
0.007506
0.007135
0.006041
0.004596
0.003145
0.00188
0.000831
-0.000052
-0.000792
-0.001345
-0.001649
-0.001701
-0.001566
-0.001346
-0.00113
-0.000965
-0.000853
-0.000772
-0.000695
-0.000607
-0.000522
-0.000502
-0.000646
-0.00104
-0.00169
-0.002523
-0.00343
-0.004321
-0.005151
-0.005921
-0.006656
-0.007383
-0.008108
-0.008775
-0.009239
-0.00932
-0.008919
-0.008089
-0.006998
-0.005838
-0.004741
-0.003756
-0.00286
-0.002003
-0.001142
-0.000257
0.000647
0.001558
0.00246
0.003345
0.0042
0.004959
0.005473
0.005578
0.005209
0.00445
0.003477
0.002472
0.001546
0.000727
-0.000015
-0.000731
-0.001458
-0.002209
-0.002973
-0.003697
-0.004285
-0.004626
-0.004664
-0.004437
-0.004051
-0.003624
-0.003237
-0.002915
-0.002645
-0.002395
-0.002139
-0.001867
-0.00158
-0.001288
-0.000999
-0.000718
-0.000445
-0.000177
0.00009
0.00036
0.000633
0.00091
0.001189
0.001466
0.00174
0.00201
0.002277
0.002542
0.002804
0.003064
0.003323
0.00358
0.003834
0.004086
0.004336
0.004583
0.004828
0.005071
0.005301
0.005461
0.005438
0.00512
0.004482
0.003598
0.002601
0.001608
0.000685
-0.000162
-0.000961
-0.001746
-0.002541
-0.003352
-0.004171
-0.004974
-0.00569
-0.006189
-0.006347
-0.006138
-0.00565
-0.005032
-0.004417
-0.003877
-0.003418
-0.003009
-0.002609
-0.002194
-0.001758
-0.001309
-0.000859
-0.000417
0.000013
0.000434
0.000849
0.001262
0.001673
0.002084
0.002486
0.002853
0.003115
0.003191
0.003037
0.002679
0.002197
0.001683
0.001198
0.000766
0.000376
0.000003
-0.000371
-0.000757
-0.001152
-0.001551
-0.001945
-0.002332
-0.00271
-0.003069
-0.00337
-0.003548
-0.003547
-0.003362
-0.003044
-0.002671
-0.002306
-0.001981
-0.001696
-0.001434
-0.001175
-0.000909
-0.000641
-0.000423
-0.000363
-0.000575
-0.001103
-0.001892
-0.002819
-0.003765
-0.004654
-0.005468
-0.006229
-0.006969
-0.007716
-0.008477
-0.009247
-0.010017
-0.010778
-0.011526
-0.012262
-0.012985
-0.013665
-0.014192
-0.01438
-0.014073
-0.013261
-0.012086
-0.010759
-0.009458
-0.008271
-0.007197
-0.006188
-0.005191
-0.004173
-0.00313
-0.002074
-0.001023
0.000013
0.001029
0.002028
0.003018
0.003997
0.004932
0.005704
0.006116
0.006
0.005347
0.004307
0.003106
0.001931
0.000876
-0.000061
-0.000929
-0.001787
-0.002669
-0.003578
-0.004503
-0.005424
-0.006329
-0.007215
-0.008084
-0.008945
-0.009782
-0.010512
-0.010941
-0.010861
-0.010189
-0.009028
-0.007602
-0.006137
-0.004773
-0.003545
-0.002416
-0.001321
-0.000213
0.000924
0.002076
0.003211
0.004294
0.005302
0.006242
0.007134
0.008007
0.008879
0.009759
0.010639
0.011483
0.012223
0.012774
0.013095
0.013213
0.013207
0.013166
0.013151
0.013183
0.013252
0.013334
0.01341
0.01347
0.013517
0.013557
0.013597
0.013641
0.013688
0.013736
0.013784
0.01383
0.013873
0.013915
0.013956
0.013996
0.014025
0.013986
0.013756
0.013199
0.012264
0.011018
0.009605
0.008171
0.006806
0.005533
0.004327
0.003147
0.001963
0.000763
-0.000447
-0.001654
-0.002848
-0.004025
-0.005186
-0.006333
-0.007471
-0.008602
-0.009725
-0.01083
-0.011849
-0.0126
-0.012827
-0.012354
-0.011215
-0.009633
-0.007896
-0.006224
-0.004712
-0.003344
-0.002049
-0.000759
0.000563
0.001917
0.003285
0.004643
0.005977
0.007286
0.008575
0.009852
0.011114
0.012322
0.013361
0.014069
0.014334
0.014175
0.013733
0.013188
0.012679
0.012265
0.011938
0.011652
0.011365
0.011053
0.010716
0.010366
0.010018
0.009679
0.009352
0.009027
0.008666
0.008186
0.007486
0.006515
0.005304
0.003952
0.002567
0.001225
-0.000048
-0.001264
-0.002452
-0.003637
-0.00483
-0.006029
-0.007224
-0.008409
-0.009579
-0.010734
-0.011876
-0.013008
-0.014131
-0.015247
-0.01635
-0.017398
-0.018258
-0.018705
-0.018551
-0.017786
-0.016582
-0.015196
-0.013839
-0.012616
-0.011529
-0.010519
-0.009527
-0.008546
-0.007641
-0.006904
-0.006386
-0.006062
-0.005854
-0.005675
-0.005467
-0.005213
-0.004924
-0.004624
-0.004334
-0.004061
-0.003802
-0.00355
-0.003299
-0.003046
-0.002791
-0.002535
-0.002281
-0.002031
-0.001784
-0.001539
-0.001288
-0.000981
-0.000527
0.000169
0.001128
0.002286
0.003535
0.004776
0.005956
0.007069
0.008138
0.009193
0.010253
0.011322
0.012394
0.01346
0.014513
0.015552
0.016577
0.017592
0.018598
0.019598
0.020573
0.021439
0.022026
0.022167
0.021821
0.021104
0.020212
0.019322
0.01853
0.017846
0.017229
0.016627
0.016004
0.015353
0.014685
0.014016
0.013358
0.012715
0.012084
0.011462
0.010843
0.010225
0.00961
0.008998
0.008391
0.007789
0.007193
0.006602
0.006015
0.005433
0.004855
0.004282
0.003713
0.003148
0.002589
0.002033
0.001483
0.000936
0.000401
-0.000088
-0.000453
-0.000612
-0.000531
-0.000252
0.000135
0.000538
0.000902
0.001213
0.001485
0.001746
0.002012
0.002293
0.002572
0.002792
0.002841
0.002614
0.002087
0.001333
0.000473
-0.00038
-0.00117
-0.001889
-0.002563
-0.003227
-0.0039
-0.004588
-0.005285
-0.00597
-0.006593
-0.007062
-0.007292
-0.007266
-0.007045
-0.006734
-0.006424
-0.006165
-0.005962
-0.005792
-0.005627
-0.005451
-0.005259
-0.005057
-0.004853
-0.004655
-0.004463
-0.004277
-0.004093
-0.003914
-0.003759
-0.003672
-0.0037
-0.003863
-0.004138
-0.004473
-0.004817
-0.005138
-0.005427
-0.005693
-0.005933
-0.006063
-0.005901
-0.005259
-0.00409
-0.002516
-0.000752
0.001006
0.002649
0.004158
0.005537
0.006759
0.007769
0.008539
0.009106
0.009552
0.009944
0.010237
0.010222
0.009638
0.008367
0.006512
0.004332
0.002098
-0.000017
-0.001964
-0.003786
-0.00556
-0.007342
-0.009155
-0.010991
-0.012796
-0.01439
-0.015416
-0.015497
-0.014489
-0.012592
-0.010215
-0.00777
-0.005511
-0.003499
-0.001662
0.000115
0.001919
0.003755
0.005488
0.00682
0.007437
0.007213
0.006296
0.005001
0.003649
0.002438
0.001415
0.000524
-0.000325
-0.001199
-0.00212
-0.003078
-0.004043
-0.004994
-0.00592
-0.006823
-0.007712
-0.008594
-0.009473
-0.01035
-0.011223
-0.012067
-0.012773
-0.013106
-0.012809
-0.011785
-0.01016
-0.008213
-0.006219
-0.004353
-0.002656
-0.001081
0.000451
0.001996
0.003554
0.004993
0.006031
0.006364
0.005871
0.004697
0.003154
0.001555
0.000097
-0.001175
-0.002314
-0.003409
-0.004527
-0.005689
-0.006884
-0.008052
-0.009009
-0.009415
-0.008952
-0.00755
-0.005439
-0.003001
-0.000577
0.001648
0.003655
0.005527
0.007366
0.009239
0.011136
0.012918
0.014298
0.01497
0.014816
0.013984
0.012783
0.011527
0.010408
0.009472
0.008664
0.007896
0.007103
0.006257
0.005341
0.00432
0.00315
0.001813
0.000342
-0.001199
-0.002745
-0.004253
-0.005714
-0.007136
-0.008539
-0.009936
-0.011331
-0.012724
-0.014069
-0.015162
-0.015601
-0.014993
-0.013246
-0.01063
-0.007618
-0.004689
-0.002281
-0.000773
-0.000358
-0.000932
-0.002141
-0.003566
-0.004897
-0.006007
-0.006926
-0.007754
-0.008587
-0.009475
-0.010416
-0.011381
-0.012321
-0.013124
-0.013587
-0.013498
-0.01278
-0.011551
-0.010049
-0.008511
-0.00709
-0.00586
-0.004867
-0.004144
-0.003677
-0.003402
-0.003224
-0.00306
-0.00286
-0.002616
-0.002344
-0.002069
-0.001817
-0.001617
-0.001502
-0.001489
-0.001568
-0.001705
-0.001862
-0.002008
-0.002132
-0.002239
-0.002337
-0.002443
-0.002601
-0.002889
-0.003381
-0.004093
-0.00497
-0.005921
-0.006866
-0.00776
-0.008599
-0.009403
-0.010196
-0.010976
-0.011655
-0.012049
-0.01197
-0.011371
-0.010373
-0.009185
-0.008
-0.006934
-0.006056
-0.005435
-0.005127
-0.005119
-0.005327
-0.00563
-0.005927
-0.006167
-0.006346
-0.006491
-0.006631
-0.006785
-0.006956
-0.007137
-0.007319
-0.007495
-0.007652
-0.007734
-0.007629
-0.007224
-0.006493
-0.005515
-0.004422
-0.003338
-0.002351
-0.001522
-0.00089
-0.000454
-0.000171
0.00003
0.000215
0.000424
0.000666
0.000929
0.001208
0.00154
0.002035
0.00282
0.003948
0.005362
0.006931
0.008519
0.010026
0.011323
0.01215
0.012137
0.011036
0.008909
0.006105
0.003066
0.000129
-0.00256
-0.005025
-0.007374
-0.009695
-0.011933
-0.013789
-0.014804
-0.014651
-0.013364
-0.011313
-0.008983
-0.006755
-0.004792
-0.003073
-0.001476
0.000115
0.001765
0.003476
0.005215
0.006944
0.008639
0.010307
0.011976
0.013687
0.015461
0.017293
0.019156
0.021017
0.022852
0.024654
0.026426
0.028177
0.029914
0.031628
0.033225
0.034457
0.034967
0.034511
0.033136
0.03115
0.028948
0.026833
0.024936
0.023235
0.021634
0.020037
0.018394
0.016708
0.015017
0.013368
0.011797
0.010307
0.008878
0.007478
0.006087
0.004714
0.00342
0.00229
0.00139
0.000713
0.000187
-0.000279
-0.000756
-0.001273
-0.00179
-0.002199
-0.002352
-0.002153
-0.001616
-0.000857
-0.000022
0.000778
0.001495
0.00214
0.002749
0.003364
0.004045
0.004875
0.005924
0.007199
0.008639
0.010148
0.011641
0.013077
0.014452
0.015771
0.016966
0.017832
0.0181
0.017616
0.016459
0.014888
0.013203
0.011613
0.010194
0.008914
0.007696
0.006471
0.005209
0.003914
0.002608
0.001315
0.000046
-0.001198
-0.002424
-0.003639
-0.004847
-0.006051
-0.007237
-0.008351
-0.00926
-0.009805
-0.0099
-0.009597
-0.00905
-0.008437
-0.007878
-0.007418
-0.007036
-0.006694
-0.006396
-0.006209
-0.006219
-0.00646
-0.006888
-0.007412
-0.007942
-0.008427
-0.008856
-0.009248
-0.009628
-0.010016
-0.010406
-0.010746
-0.010929
-0.010851
-0.010487
-0.009904
-0.009219
-0.008536
-0.007914
-0.00736
-0.006877
-0.006522
-0.006423
-0.006697
-0.007361
-0.008307
-0.009377
-0.010432
-0.011401
-0.01228
-0.013106
-0.01392
-0.014748
-0.015594
-0.016451
-0.017303
-0.018133
-0.018892
-0.019467
-0.019723
-0.019588
-0.019107
-0.018416
-0.017667
-0.016968
-0.016356
-0.015812
-0.015298
-0.014779
-0.014239
-0.013681
-0.013123
-0.012624
-0.01231
-0.012356
-0.012878
-0.013851
-0.015119
-0.016487
-0.017808
-0.019018
-0.020128
-0.021188
-0.022242
-0.023315
-0.024409
-0.025509
-0.0266
-0.027673
-0.028726
-0.029731
-0.030527
-0.030755
-0.030021
-0.028171
-0.025399
-0.022131
-0.018792
-0.015649
-0.012769
-0.010079
-0.007458
-0.004817
-0.002124
0.000604
0.003333
0.006031
0.008683
0.011294
0.013874
0.016433
0.018948
0.021265
0.023049
0.023935
0.023777
0.022758
0.021269
0.019703
0.018306
0.01714
0.016136
0.015184
0.0142
0.013157
0.012069
0.010968
0.009885
0.008831
0.007803
0.006793
0.005805
0.004909
0.004259
0.004006
0.004188
0.004707
0.005385
0.006064
0.006655
0.007148
0.007581
0.008
0.008438
0.008901
0.009388
0.009921
0.010569
0.011418
0.012505
0.013789
0.015179
0.016582
0.017937
0.019228
0.02047
0.021677
0.0228
0.023695
0.024198
0.024236
0.023884
0.023315
0.022706
0.022169
0.021734
0.021373
0.021035
0.020683
0.020303
0.0199
0.019491
0.019088
0.018696
0.018316
0.017942
0.017571
0.017199
0.016819
0.016393
0.015825
0.014999
0.01385
0.012416
0.01081
0.009164
0.007568
0.006054
0.004607
0.003194
0.001785
0.000401
-0.00078
-0.001397
-0.001097
0.00021
0.002287
0.004724
0.007152
0.009369
0.011352
0.013188
0.014989
0.016788
0.018418
0.019485
0.01959
0.018619
0.016814
0.014611
0.012407
0.010424
0.00869
0.007111
0.005569
0.003992
0.002393
0.000863
-0.000496
-0.001642
-0.002608
-0.003478
-0.004331
-0.005216
-0.006141
-0.007089
-0.008036
-0.008955
-0.009794
-0.010451
-0.010818
-0.010856
-0.010625
-0.010249
-0.009849
-0.009502
-0.009225
-0.008997
-0.008784
-0.008561
-0.008318
-0.00806
-0.007798
-0.007541
-0.007291
-0.00705
-0.006813
-0.006577
-0.006341
-0.006105
-0.00587
-0.005636
-0.005406
-0.005188
-0.005015
-0.004939
-0.005003
-0.00521
-0.00552
-0.005873
-0.006218
-0.006531
-0.006812
-0.007074
-0.007333
-0.007597
-0.007869
-0.008144
-0.008416
-0.008666
-0.008839
-0.008847
-0.008618
-0.008147
-0.007504
-0.006791
-0.00609
-0.005445
-0.004854
-0.004295
-0.003742
-0.00318
-0.002605
-0.002028
-0.001476
-0.001019
-0.000769
-0.000815
-0.001162
-0.001722
-0.002369
-0.003001
-0.003567
-0.004066
-0.004528
-0.004985
-0.005455
-0.005941
-0.00642
-0.006804
-0.006916
-0.006569
-0.005693
-0.004384
-0.002843
-0.001272
0.000205
0.001557
0.00282
0.004051
0.005292
0.006558
0.007824
0.008994
0.009881
0.010287
0.01014
0.009541
0.008698
0.007819
0.007031
0.006366
0.005786
0.005233
0.004666
0.004106
0.00367
0.003564
0.003957
0.004866
0.006146
0.007579
0.008978
0.010218
0.011216
0.011919
0.012326
0.012505
0.012558
0.012587
0.012651
0.012766
0.012917
0.013077
0.013225
0.013356
0.013473
0.013584
0.013684
0.013725
0.013599
0.013199
0.012498
0.011568
0.010529
0.009495
0.008526
0.007629
0.006779
0.005942
0.005096
0.004241
0.003402
0.002635
0.001995
0.001503
0.001135
0.000834
0.000547
0.000239
-0.000097
-0.000451
-0.000809
-0.001157
-0.001494
-0.001829
-0.002218
-0.002759
-0.003552
-0.004617
-0.005888
-0.007252
-0.008607
-0.009898
-0.011118
-0.012274
-0.013308
-0.014059
-0.014356
-0.014149
-0.013552
-0.012764
-0.011971
-0.011276
-0.010694
-0.010182
-0.009687
-0.009171
-0.008626
-0.00806
-0.007492
-0.006935
-0.006393
-0.005863
-0.005341
-0.004821
-0.004308
-0.003836
-0.003498
-0.003429
-0.00372
-0.004353
-0.005214
-0.006154
-0.007059
-0.007882
-0.008629
-0.009338
-0.010044
-0.010761
-0.011466
-0.012103
-0.012612
-0.012977
-0.013228
-0.013422
-0.013611
-0.013824
-0.014067
-0.014326
-0.014586
-0.014836
-0.015073
-0.015302
-0.015526
-0.015749
-0.015974
-0.016198
-0.016421
-0.016644
-0.01689
-0.017219
-0.017718
-0.018446
-0.019391
-0.02048
-0.021616
-0.022725
-0.023775
-0.024772
-0.025738
-0.026675
-0.027476
-0.027887
-0.027622
-0.026564
-0.024848
-0.022774
-0.020645
-0.018653
-0.016846
-0.015172
-0.013547
-0.011918
-0.010325
-0.008908
-0.007817
-0.007105
-0.006695
-0.006438
-0.006193
-0.005881
-0.005489
-0.005049
-0.004602
-0.004176
-0.00378
-0.003405
-0.003036
-0.002638
-0.002145
-0.001471
-0.000558
0.000578
0.00186
0.003187
0.004484
0.005699
0.006735
0.007407
0.007533
0.007077
0.00618
0.005076
0.003974
0.00299
0.002135
0.001361
0.000604
-0.000175
-0.000986
-0.001817
-0.002649
-0.003466
-0.004239
-0.004849
-0.005056
-0.004622
-0.00349
-0.001828
0.000081
0.001983
0.003738
0.005329
0.006818
0.00828
0.009766
0.011285
0.012825
0.01436
0.015874
0.017359
0.01882
0.020265
0.021698
0.023124
0.024542
0.025948
0.027343
0.028723
0.03009
0.031444
0.032772
0.033976
0.034797
0.034865
0.033925
0.032023
0.029485
0.026723
0.024056
0.021621
0.019396
0.017279
0.01517
0.013017
0.010818
0.008602
0.006401
0.004235
0.002118
0.000092
-0.001753
-0.003325
-0.004601
-0.005648
-0.006581
-0.007501
-0.008466
-0.009483
-0.010527
-0.011568
-0.012587
-0.01356
-0.014395
-0.014868
-0.014696
-0.013724
-0.012043
-0.009931
-0.007706
-0.005587
-0.003654
-0.001871
-0.000165
0.001476
0.002926
0.00395
0.004369
0.004188
0.003592
0.002836
0.002123
0.001545
0.001093
0.000705
0.000318
-0.000102
-0.000559
-0.001035
-0.00151
-0.00197
-0.002414
-0.002842
-0.003241
-0.00356
-0.003721
-0.003668
-0.003411
-0.003016
-0.002571
-0.002145
-0.001766
-0.001431
-0.001119
-0.000807
-0.000485
-0.000153
0.000185
0.00052
0.000849
0.001171
0.001487
0.001795
0.002059
0.002183
0.002029
0.0015
0.000615
-0.000508
-0.001712
-0.00288
-0.003958
-0.004957
-0.005913
-0.006864
-0.00783
-0.008812
-0.009798
-0.010776
-0.01174
-0.012691
-0.013659
-0.01474
-0.016091
-0.017839
-0.019993
-0.022421
-0.024887
-0.027094
-0.028786
-0.029865
-0.030429
-0.030701
-0.030911
-0.031201
-0.031587
-0.03195
-0.032096
-0.031865
-0.03123
-0.030304
-0.029257
-0.028233
-0.027303
-0.026464
-0.025671
-0.02482
-0.023689
-0.021947
-0.01933
-0.015837
-0.011729
-0.007381
-0.003102
0.000959
0.004777
0.008285
0.011211
0.013159
0.013891
0.013527
0.012476
0.011216
0.010089
0.009223
0.008571
0.00801
0.007431
0.006783
0.006069
0.005326
0.004591
0.003884
0.003206
0.002547
0.001895
0.001242
0.000592
-0.000023
-0.000519
-0.000778
-0.00072
-0.00036
0.0002
0.00083
0.001432
0.001963
0.00243
0.002865
0.003299
0.003749
0.004208
0.004633
0.004939
0.005037
0.004894
0.004554
0.004109
0.003648
0.003229
0.002864
0.002537
0.002227
0.001952
0.001834
0.002089
0.002903
0.004293
0.006098
0.008076
0.010022
0.011833
0.0135
0.015031
0.016373
0.017426
0.018118
0.01848
0.018628
0.018702
0.018806
0.018982
0.019219
0.019481
0.019735
0.019965
0.020172
0.020365
0.020557
0.020752
0.020951
0.021153
0.021347
0.021503
0.021561
0.021465
0.021202
0.020813
0.020365
0.019919
0.019508
0.019134
0.018784
0.01844
0.018089
0.01773
0.017365
0.017
0.01664
0.016286
0.015937
0.015591
0.015247
0.0149
0.014522
0.014051
0.013407
0.012548
0.0115
0.010338
0.009151
0.007997
0.006907
0.005918
0.005117
0.004623
0.004502
0.00471
0.005122
0.005592
0.006019
0.006367
0.006649
0.006904
0.007164
0.007445
0.007743
0.00805
0.008352
0.008645
0.008929
0.009206
0.00948
0.009753
0.01002
0.010246
0.010351
0.010236
0.009847
0.009216
0.008438
0.007623
0.006844
0.00613
0.005467
0.004828
0.004187
0.003534
0.002871
0.002205
0.001546
0.000899
0.000285
-0.000231
-0.000543
-0.000557
-0.000269
0.000236
0.000833
0.001416
0.001933
0.002384
0.002797
0.003204
0.003625
0.004058
0.004469
0.004777
0.004872
0.004681
0.004221
0.003583
0.002884
0.002214
0.001608
0.00106
0.000542
0.000028
-0.000464
-0.000831
-0.00089
-0.000488
0.000391
0.001613
0.002978
0.004318
0.005549
0.006664
0.007666
0.008491
0.009005
0.009101
0.008787
0.008191
0.007485
0.006806
0.006219
0.005718
0.005263
0.004811
0.004338
0.003842
0.003334
0.002823
0.002292
0.001688
0.000945
0.000038
-0.001009
-0.002129
-0.003257
-0.004351
-0.005398
-0.00641
-0.007395
-0.00831
-0.009041
-0.009452
-0.009486
-0.009205
-0.008748
-0.00826
-0.007831
-0.007485
-0.007198
-0.006931
-0.006653
-0.006352
-0.006033
-0.00571
-0.005391
-0.005083
-0.004783
-0.00449
-0.004198
-0.003907
-0.003626
-0.003383
-0.003226
-0.003195
-0.003293
-0.003484
-0.003713
-0.003936
-0.004131
-0.004298
-0.004449
-0.004598
-0.004753
-0.004915
-0.005081
-0.005246
-0.005408
-0.005566
-0.005698
-0.005698
-0.005349
-0.004436
-0.002907
-0.000909
0.001305
0.003507
0.005565
0.007383
0.008739
0.009247
0.008567
0.006687
0.003947
0.000843
-0.002205
-0.004988
-0.0075
-0.009822
-0.011982
-0.013889
-0.015417
-0.016528
-0.01731
-0.017924
-0.018521
-0.019186
-0.019933
-0.020727
-0.021526
-0.022298
-0.023032
-0.023704
-0.024219
-0.024411
-0.024131
-0.023371
-0.022263
-0.021008
-0.019775
-0.018648
-0.01763
-0.016674
-0.01573
-0.014765
-0.013776
-0.012775
-0.011777
-0.010793
-0.009828
-0.008878
-0.007955
-0.00714
-0.006604
-0.006515
-0.006917
-0.007694
-0.008649
-0.009601
-0.010454
-0.011194
-0.011865
-0.01252
-0.013193
-0.013894
-0.014611
-0.015328
-0.016033
-0.016721
-0.017394
-0.018058
-0.018717
-0.019374
-0.020027
-0.020659
-0.021183
-0.021411
-0.021142
-0.020295
-0.018973
-0.017395
-0.01578
-0.014266
-0.012886
-0.011602
-0.010353
-0.009093
-0.007804
-0.006497
-0.005188
-0.00391
-0.002748
-0.001861
-0.001398
-0.001391
-0.00173
-0.002231
-0.002732
-0.003142
-0.003454
-0.003706
-0.003947
-0.004209
-0.004499
-0.004807
-0.005118
-0.00542
-0.00571
-0.005989
-0.006264
-0.006537
-0.006811
-0.007084
-0.007357
-0.007626
-0.007893
-0.008155
-0.008415
-0.008672
-0.008928
-0.009173
-0.009376
-0.009464
-0.009371
-0.009079
-0.008635
-0.008121
-0.007608
-0.007136
-0.006711
-0.006314
-0.005924
-0.005527
-0.00512
-0.004706
-0.004279
-0.003775
-0.003054
-0.001979
-0.000515
0.001246
0.00314
0.005008
0.006735
0.008271
0.009628
0.010862
0.012041
0.01322
0.014414
0.015582
0.016603
0.017311
0.017596
0.017477
0.017088
0.016602
0.016153
0.015795
0.01552
0.015283
0.015043
0.01478
0.014491
0.014191
0.013891
0.013609
0.013384
0.013298
0.013441
0.013845
0.014464
0.015197
0.015946
0.016646
0.017258
0.017719
0.017924
0.017784
0.017298
0.016566
0.01573
0.014909
0.014162
0.013492
0.012873
0.012316
0.011896
0.011718
0.011831
0.012194
0.012699
0.013233
0.013721
0.014135
0.014457
0.014644
0.014639
0.014418
0.014021
0.013524
0.01301
0.012529
0.012096
0.011698
0.011313
0.010924
0.010524
0.010129
0.009817
0.009731
0.010012
0.010692
0.011675
0.012798
0.013914
0.014944
0.015881
0.016757
0.017593
0.018289
0.018595
0.018251
0.017182
0.015551
0.013652
0.011754
0.010006
0.008429
0.006961
0.005522
0.004058
0.002557
0.001034
-0.000488
-0.001987
-0.003459
-0.004901
-0.006278
-0.007448
-0.008169
-0.008234
-0.007627
-0.006538
-0.005245
-0.00398
-0.002862
-0.001891
-0.001002
-0.000126
0.00078
0.001718
0.002664
0.003584
0.004457
0.005282
0.006073
0.00685
0.007626
0.008406
0.009188
0.009966
0.010737
0.011497
0.012246
0.012958
0.01355
0.01388
0.013832
0.013395
0.012681
0.011849
0.011035
0.010306
0.009662
0.009066
0.008478
0.007872
0.007245
0.006607
0.005971
0.005345
0.004733
0.004132
0.00353
0.002888
0.002135
0.001201
0.000069
-0.00121
-0.002554
-0.003888
-0.005173
-0.006403
-0.007598
-0.008778
-0.009959
-0.011144
-0.012307
-0.013333
-0.014003
-0.014102
-0.013582
-0.01259
-0.011376
-0.010166
-0.009084
-0.008141
-0.007285
-0.00645
-0.005614
-0.00482
-0.004157
-0.003701
-0.003456
-0.003361
-0.003327
-0.003282
-0.003192
-0.003059
-0.002904
-0.002752
-0.002613
-0.00249
-0.002387
-0.002316
-0.002306
-0.002376
-0.002524
-0.002725
-0.002945
-0.003159
-0.003354
-0.003532
-0.003701
-0.003868
-0.004039
-0.004213
-0.004389
-0.004563
-0.004735
-0.004903
-0.005069
-0.005232
-0.005395
-0.005559
-0.005739
-0.005975
-0.006324
-0.006824
-0.007469
-0.008208
-0.008979
-0.009732
-0.010446
-0.011124
-0.011783
-0.012437
-0.013094
-0.013756
-0.014414
-0.015048
-0.015608
-0.01603
-0.016271
-0.01634
-0.016295
-0.016209
-0.016137
-0.016101
-0.016099
-0.016111
-0.016121
-0.016119
-0.016106
-0.016087
-0.016067
-0.016049
-0.016035
-0.016022
-0.01601
-0.015996
-0.015981
-0.015964
-0.015947
-0.015929
-0.015911
-0.015893
-0.015875
-0.015853
-0.015794
-0.01559
-0.01506
-0.014053
-0.012558
-0.010717
-0.008735
-0.006784
-0.004948
-0.003229
-0.001579
0.000054
0.001702
0.003369
0.005043
0.006702
0.008288
0.009644
0.010515
0.01069
0.01016
0.009127
0.007882
0.00667
0.00561
0.004702
0.003879
0.003067
0.002222
0.001337
0.000431
-0.000474
-0.00136
-0.002223
-0.003069
-0.0039
-0.004678
-0.00526
-0.005402
-0.004899
-0.003737
-0.002101
-0.000268
0.00153
0.003178
0.004677
0.006089
0.007482
0.008872
0.010179
0.011243
0.011922
0.012191
0.012159
0.011993
0.011837
0.011763
0.011775
0.011834
0.011897
0.011935
0.011951
0.011982
0.012112
0.012434
0.012996
0.01377
0.014669
0.015596
0.016486
0.017317
0.0181
0.018861
0.019621
0.02039
0.021166
0.02194
0.022707
0.023462
0.024198
0.024871
0.025376
0.025581
0.025416
0.024921
0.024224
0.023473
0.022768
0.022145
0.021589
0.021062
0.020529
0.019977
0.019406
0.018821
0.018217
0.017583
0.016912
0.016209
0.01549
0.01477
0.01406
0.013365
0.012681
0.012005
0.011334
0.010665
0.010002
0.009372
0.00884
0.008503
0.008425
0.008592
0.008923
0.009313
0.00968
0.009989
0.010248
0.010481
0.010714
0.010954
0.011161
0.011238
0.011062
0.010568
0.009791
0.008841
0.007848
0.006899
0.006026
0.005213
0.004429
0.003649
0.002893
0.002226
0.00172
0.0014
0.001227
0.00113
0.001038
0.000913
0.00075
0.000562
0.000371
0.00019
0.000023
-0.000134
-0.000286
-0.00044
-0.000596
-0.000761
-0.000947
-0.001181
-0.001484
-0.001859
-0.002285
-0.002731
-0.003171
-0.003593
-0.003996
-0.004387
-0.004775
-0.005163
-0.00555
-0.005916
-0.006206
-0.006348
-0.006291
-0.006046
-0.005676
-0.005262
-0.004866
-0.004514
-0.004202
-0.003911
-0.003619
-0.003319
-0.003008
-0.002693
-0.00238
-0.002073
-0.001772
-0.001477
-0.001191
-0.000948
-0.000817
-0.000864
-0.001108
-0.001501
-0.001966
-0.002429
-0.002851
-0.003228
-0.003576
-0.003918
-0.004266
-0.004625
-0.004989
-0.005354
-0.005712
-0.006063
-0.006408
-0.006747
-0.007071
-0.007358
-0.007589
-0.007758
-0.007878
-0.007974
-0.008068
-0.008172
-0.008288
-0.00841
-0.008533
-0.008651
-0.008764
-0.008873
-0.008981
-0.009087
-0.009194
-0.009301
-0.009407
-0.009512
-0.009615
-0.009716
-0.009817
-0.009916
-0.010014
-0.010108
-0.010177
-0.010181
-0.010072
-0.009833
-0.009487
-0.009084
-0.008672
-0.008284
-0.007925
-0.007589
-0.007261
-0.006931
-0.006595
-0.006254
-0.005921
-0.005637
-0.005486
-0.005558
-0.005887
-0.006427
-0.00708
-0.007748
-0.008371
-0.008934
-0.009455
-0.009961
-0.010471
-0.010994
-0.011526
-0.012058
-0.012583
-0.013098
-0.013604
-0.014103
-0.014598
-0.01509
-0.015578
-0.016064
-0.016541
-0.016984
-0.017305
-0.017355
-0.017013
-0.01627
-0.01524
-0.014092
-0.012964
-0.011928
-0.010982
-0.010088
-0.009204
-0.008303
-0.007376
-0.006418
-0.005419
-0.004376
-0.003293
-0.002186
-0.001075
0.000024
0.001103
0.002165
0.003214
0.004254
0.005289
0.006317
0.007339
0.008344
0.009286
0.010057
0.010523
0.010613
0.010368
0.009919
0.009414
0.008955
0.008578
0.008266
0.00798
0.007689
0.007376
0.007044
0.006704
0.006368
0.006042
0.005725
0.005414
0.005107
0.004799
0.004492
0.004185
0.003881
0.003579
0.003281
0.002985
0.002692
0.002404
0.002135
0.001928
0.001842
0.001918
0.002149
0.002482
0.002851
0.003206
0.003523
0.003807
0.004075
0.004341
0.004615
0.004889
0.005114
0.005159
0.004846
0.004053
0.002803
0.001252
-0.000388
-0.001904
-0.003104
-0.003876
-0.00424
-0.004328
-0.00431
-0.004318
-0.004411
-0.00458
-0.004786
-0.004987
-0.005161
-0.005309
-0.00544
-0.00557
-0.005704
-0.005846
-0.005992
-0.006138
-0.00628
-0.006419
-0.006554
-0.006687
-0.00682
-0.006951
-0.007076
-0.007157
-0.00712
-0.006879
-0.006404
-0.005735
-0.004962
-0.004175
-0.003431
-0.002743
-0.002095
-0.001462
-0.000826
-0.00018
0.000474
0.001126
0.001772
0.002398
0.002959
0.00334
0.003403
0.003072
0.002392
0.0015
0.000551
-0.000346
-0.001152
-0.001886
-0.002588
-0.003293
-0.004017
-0.004758
-0.005502
-0.006239
-0.006963
-0.007673
-0.008373
-0.009066
-0.009755
-0.010441
-0.011122
-0.011798
-0.012466
-0.013108
-0.013671
-0.014064
-0.01421
-0.014106
-0.013821
-0.013459
-0.013107
-0.012809
-0.012563
-0.012347
-0.012133
-0.011907
-0.011666
-0.011416
-0.011166
-0.010921
-0.010683
-0.010451
-0.010221
-0.009991
-0.009747
-0.009418
-0.008859
-0.00793
-0.006596
-0.004957
-0.003177
-0.001408
0.00027
0.001846
0.003358
0.004848
0.006346
0.007842
0.00923
0.010288
0.010781
0.010614
0.009905
0.008901
0.007851
0.006911
0.006116
0.005425
0.004766
0.004088
0.003373
0.002629
0.001891
0.00124
0.00082
0.000779
0.00117
0.00191
0.002837
0.003789
0.004666
0.005446
0.006157
0.006845
0.007544
0.008265
0.009002
0.00974
0.010468
0.011182
0.011881
0.012571
0.013256
0.013928
0.014542
0.015006
0.015229
0.015189
0.014946
0.014608
0.014269
0.013982
0.013752
0.013557
0.013368
0.013168
0.012951
0.012723
0.012494
0.012269
0.012051
0.011839
0.01163
0.011421
0.011212
0.011003
0.010788
0.010555
0.010284
0.009963
0.009594
0.009193
0.008782
0.008378
0.007988
0.00761
0.007241
0.006874
0.006506
0.006138
0.005771
0.005406
0.005048
0.004721
0.004506
0.004539
0.004933
0.005695
0.00672
0.007853
0.008965
0.009993
0.010936
0.011816
0.012605
0.013179
0.013381
0.013138
0.012518
0.011687
0.010814
0.010012
0.009312
0.008686
0.008087
0.007477
0.006843
0.00619
0.005533
0.004884
0.004248
0.003626
0.003013
0.002404
0.001798
0.001194
0.000593
-0.000002
-0.000587
-0.001154
-0.001696
-0.002211
-0.002705
-0.003187
-0.003665
-0.004143
-0.004622
-0.0051
-0.005574
-0.006042
-0.006505
-0.006963
-0.007417
-0.007868
-0.008315
-0.008758
-0.009197
-0.009633
-0.010065
-0.010492
-0.010916
-0.011336
-0.011752
-0.012164
-0.012573
-0.012978
-0.013379
-0.013762
-0.014053
-0.014107
-0.013778
-0.013033
-0.011971
-0.01076
-0.009555
-0.008438
-0.00742
-0.006463
-0.005522
-0.004567
-0.003592
-0.002605
-0.001621
-0.000651
0.000303
0.001223
0.002019
0.002504
0.002494
0.001942
0.000977
-0.000183
-0.00134
-0.002386
-0.003308
-0.004153
-0.00498
-0.005827
-0.006703
-0.007597
-0.008491
-0.009369
-0.010229
-0.011073
-0.011905
-0.012732
-0.013551
-0.014314
-0.014866
-0.014951
-0.014353
-0.013057
-0.011265
-0.009265
-0.007303
-0.005512
-0.003953
-0.002682
-0.001748
-0.001135
-0.000753
-0.000476
-0.0002
0.000129
0.000516
0.000935
0.001353
0.001754
0.002131
0.002493
0.002849
0.003206
0.003567
0.003928
0.004288
0.004644
0.004995
0.005338
0.005671
0.005993
0.006303
0.006604
0.0069
0.007194
0.007486
0.007778
0.008068
0.008356
0.00864
0.008921
0.009199
0.009475
0.009748
0.010017
0.010278
0.010527
0.010759
0.010975
0.01118
0.01138
0.011579
0.011779
0.011979
0.012179
0.012376
0.01257
0.012762
0.012951
0.013138
0.013323
0.013507
0.013685
0.013831
0.013878
0.013727
0.013311
0.012642
0.011807
0.010914
0.010047
0.009243
0.008495
0.007777
0.007062
0.006337
0.005601
0.004861
0.004127
0.003403