0.00012
0.004937
-0.012264
-0.010238
-0.002865
-0.004839
0.000643
0.007425
0.019551
-0.007264
-0.024357
-0.018644
0.011506
-0.019952
0.003564
0.048701
0.043626
0.00943
-0.016991
-0.01519
0.029451
0.002732
-0.017872
0.016403
0.010619
-0.002367
-0.008329
0.0219
0.009083
0.010098
0.001938
-0.032991
-0.03345
0.00829
0.034879
0.010397
-0.007335
-0.031684
-0.04559
-0.040915
-0.022238
0.035254
0.015435
0.01685
0.011025
-0.025689
-0.046693
0.013589
0.083836
0.054486
-0.000848
-0.044619
-0.06755
-0.046417
0.017344
0.046067
0.037808
-0.012355
-0.053382
-0.072355
0.012135
0.077732
0.038625
-0.00707
-0.048878
-0.086467
-0.043829
0.038066
0.055698
0.065704
0.033149
-0.036648
-0.080396
-0.007626
0.073992
0.059566
0.031982
0.009059
-0.016107
-0.055507
-0.023663
0.026681
0.057417
-0.032398
-0.053657
0.013736
0.072312
0.089851
0.02614
-0.026028
-0.064015
-0.040069
-0.015202
0.009154
0.03231
0.028312
-0.007306
-0.035182
-0.020164
0.035227
0.026987
0.000075
-0.020371
-0.009155
0.011624
0.00601
0.020396
0.00837
-0.026448
-0.035968
-0.03011
-0.009634
0.009858
0.028685
0.03413
-0.001644
-0.021958
-0.023565
-0.031917
-0.023484
0.003524
0.005678
0.001453
-0.005529
-0.022618
-0.029367
0.002937
0.031587
0.026362
-0.007302
-0.027606
-0.010169
0.012572
0.024487
-0.000313
-0.025919
-0.036433
0.034338
0.015052
-0.01839
-0.032621
-0.008673
-0.015363
-0.030376
-0.003826
0.018877
0.001133
0.00534
0.00538
-0.007095
-0.011401
0.015422
0.006065
-0.029984
-0.030457
0.021847
0.026197
-0.03885
-0.006854
0.030327
0.015228
0.018011
0.015413
-0.017816
-0.035185
0.009269
0.026265
0.007158
0.029499
0.021201
-0.004174
-0.014004
0.005818
-0.015096
-0.024121
-0.002368
0.014212
-0.023814
-0.021776
-0.024791
0.010163
0.044014
0.030776
0.000883
-0.004076
0.011773
0.002073
-0.014951
-0.031949
-0.048427
-0.018568
0.028267
0.049619
0.01967
-0.006355
-0.023286
-0.033094
-0.039575
-0.042202
-0.041034
-0.032887
-0.039894
-0.040591
-0.021667
-0.015588
-0.02616
-0.033083
-0.028557
-0.007406
-0.021669
-0.00499
0.016883
0.041455
0.065332
0.03587
-0.003245
0.02256
0.065603
0.105559
0.13156
0.100162
0.070642
0.042094
0.023681
0.022113
0.01796
0.013271
0.010194
0.018058
0.052757
0.081633
0.104753
0.077175
0.030012
-0.009596
-0.043219
-0.073761
-0.080197
-0.03966
-0.009142
0.01573
0.038043
0.033001
0.017428
0.01102
0.021966
0.014784
-0.000377
0.018688
0.048172
0.048082
0.046604
0.024105
-0.000278
-0.023681
-0.042093
-0.033551
-0.021725
-0.011789
-0.019172
-0.044273
-0.0644
-0.06338
-0.046487
-0.03538
-0.043843
-0.059963
-0.038176
0.024635
0.051942
0.000871
-0.020134
-0.035616
-0.013296
0.020758
0.005544
-0.023409
-0.036234
-0.048531
-0.057463
-0.057707
-0.049566
-0.04782
-0.033905
-0.008128
0.005513
-0.010338
-0.024781
-0.03704
-0.020588
-0.008377
-0.035464
-0.056297
-0.077999
-0.097971
-0.089837
-0.051506
-0.057078
-0.075546
-0.066048
0.00667
0.071653
0.080974
0.050664
0.042511
0.086366
0.115422
0.06997
0.021901
-0.045444
-0.116394
-0.121568
-0.064687
-0.021148
0.024583
0.067719
0.108653
0.111002
0.081337
0.059193
0.035608
0.009087
-0.026721
-0.06041
-0.086315
-0.043651
0.013748
0.064005
0.069689
0.010354
-0.036544
-0.08061
-0.05387
0.005698
0.049871
0.084725
0.076752
0.079762
0.13099
0.135834
0.066552
-0.046727
-0.116545
-0.067822
-0.024693
-0.0895
-0.106761
-0.049237
0.003598
0.037299
0.072773
0.115514
0.110607
0.052663
0.00996
-0.020448
-0.031825
0.013704
0.044703
0.0605
0.021658
-0.075381
-0.033465
0.055537
0.133884
0.175481
0.140077
0.114953
0.087974
0.063574
0.041894
0.020311
-0.002988
-0.045614
-0.06718
-0.074061
-0.0747
-0.043343
-0.014519
0.013718
0.040927
0.049188
0.01607
-0.00819
-0.023144
-0.03832
-0.058416
-0.076783
-0.072326
-0.078055
-0.065072
-0.035443
-0.010636
0.051269
0.099742
0.044845
0.00578
0.016111
0.037645
0.016978
-0.034312
-0.077652
-0.119609
-0.094234
-0.013707
0.052657
0.111852
0.08295
0.035085
-0.005513
-0.046941
-0.086203
-0.115781
-0.059559
0.015001
0.081319
0.128725
0.032193
-0.087316
-0.152699
-0.051115
0.046229
0.134229
0.149742
0.026876
-0.042103
-0.056932
-0.079337
-0.091396
-0.10256
-0.07796
-0.004406
0.003663
-0.04779
-0.025736
0.012478
-0.005596
-0.037044
-0.063906
-0.091011
-0.094635
-0.054772
-0.021241
0.008844
0.000501
-0.006182
0.022522
0.042595
0.008229
-0.038059
-0.07904
-0.095828
-0.033722
0.023325
0.069372
0.093514
0.079401
0.036585
0.001813
-0.033989
-0.067325
-0.070442
-0.053566
-0.074478
-0.085055
-0.044984
0.015606
0.086861
0.135068
0.106574
0.115836
0.080656
-0.002828
-0.07305
-0.130191
-0.103079
-0.065935
-0.033977
-0.029879
-0.055199
-0.073843
-0.063985
-0.003069
0.052071
0.113986
0.130605
0.116933
0.108281
0.086471
0.064019
0.036757
0.009818
-0.016062
-0.044419
-0.08589
-0.073609
0.02918
0.105743
0.081949
0.025407
-0.01993
-0.032865
0.004113
0.002003
-0.033459
-0.062248
-0.091688
-0.096502
-0.039219
0.012079
0.036401
0.023283
0.022106
0.005217
-0.01447
-0.032495
-0.045329
-0.020195
0.011047
0.039242
0.061948
0.056134
0.04968
0.06245
0.081818
0.083847
0.046256
0.012161
-0.006104
0.017186
-0.003875
-0.02753
-0.046991
-0.022286
0.028601
0.065606
0.046395
0.013477
-0.014221
-0.042303
-0.030599
0.046149
0.101209
0.06467
0.006462
-0.042986
-0.077607
-0.091289
-0.108069
-0.114441
-0.025106
0.083369
0.142815
0.146311
0.119941
0.101546
0.081303
0.062411
0.035002
-0.0066
-0.044493
-0.055127
-0.004342
0.039346
0.081272
0.06819
0.017067
-0.022452
-0.051122
-0.073935
-0.097327
-0.115776
-0.093329
-0.058145
-0.025482
0.006468
0.007401
-0.01693
-0.035236
-0.040816
-0.001405
0.033042
0.010307
-0.000743
0.051683
0.089185
0.124243
0.09806
0.054371
0.016939
-0.021043
-0.057061
-0.085358
-0.102926
-0.121454
-0.138843
-0.144602
-0.106197
-0.069536
-0.028686
0.038533
0.071645
0.035688
0.009122
-0.012407
0.031325
0.064026
0.011889
-0.034043
-0.079558
-0.103343
-0.061756
-0.023869
0.002789
-0.017392
-0.019873
-0.007961
0.001694
0.031964
0.03647
0.015162
0.001563
-0.009561
-0.011727
0.020615
0.053249
0.076805
0.043927
0.001533
-0.036361
-0.064259
-0.030147
0.010923
0.037364
0.021101
0.0061
0.015748
0.035875
-0.002145
-0.035799
-0.031864
0.003549
0.031358
0.060286
0.080068
0.053436
0.02136
-0.006625
-0.029902
-0.048932
-0.035858
-0.015567
0.010988
0.058272
0.095266
0.116144
0.130247
0.113855
0.095455
0.078414
0.061221
0.023546
-0.043393
-0.102039
-0.119382
-0.100589
-0.088265
-0.071122
-0.064426
-0.075006
-0.079584
-0.037878
0.016751
0.040213
0.056939
0.048631
0.039571
0.034394
0.053067
0.074537
0.05978
0.031885
0.038654
0.039859
0.028413
0.011604
-0.006906
-0.027277
-0.067636
-0.108457
-0.106293
-0.080065
-0.057139
-0.023166
-0.026469
-0.046638
-0.034131
0.010063
0.045624
0.043783
0.018593
0.007398
0.025001
0.042186
0.048423
0.034655
0.023578
0.01362
0.007866
0.002035
-0.003553
-0.009011
-0.01435
-0.011267
0.007915
0.022888
0.016549
0.000408
-0.026359
-0.057252
-0.076268
-0.037551
0.00791
0.049465
0.080307
0.056664
0.029398
0.017745
0.048686
0.070565
0.041303
0.003621
-0.030149
-0.063834
-0.096008
-0.122382
-0.07296
0.008455
0.018249
0.000798
-0.007553
0.004886
0.02151
0.020904
0.017421
0.013903
-0.004038
-0.028167
-0.032549
-0.014637
-0.033584
-0.067051
-0.088659
-0.041139
0.021871
0.077293
0.089732
0.039287
0.000599
-0.039866
-0.078121
-0.100263
-0.029784
0.048992
0.084024
0.096767
0.113457
0.116229
0.107152
0.093333
0.072018
0.05292
0.033599
0.011434
-0.011209
-0.032768
-0.04891
-0.056212
-0.064495
-0.072279
-0.083158
-0.095603
-0.107085
-0.10503
-0.067317
-0.033004
-0.007882
-0.022114
-0.037279
-0.051361
-0.064905
-0.059378
-0.031749
-0.008838
0.012752
0.00621
-0.004722
0.033513
0.066681
0.06421
0.06683
0.04423
0.003156
-0.031655
-0.04884
-0.02352
-0.007462
-0.018891
-0.033963
-0.047302
-0.048891
-0.018673
0.00849
0.02206
0.009131
0.005461
0.026892
0.048759
0.069482
0.090864
0.115218
0.123229
0.127654
0.11625
0.072181
0.033483
-0.005505
-0.053976
-0.072203
-0.051878
-0.058625
-0.060019
-0.04308
-0.004682
-0.004751
-0.020069
-0.030265
-0.038188
-0.045516
-0.052581
-0.050368
-0.035327
-0.022813
-0.009989
0.002717
0.015098
0.027593
0.045022
0.062537
0.073226
0.076725
0.062573
0.048804
0.016453
-0.03117
-0.069102
-0.033852
0.037161
0.095097
0.093347
0.038329
-0.003773
-0.043639
-0.037709
-0.021975
-0.009623
0.00295
-0.000996
-0.01817
-0.032034
-0.047848
-0.068917
-0.089339
-0.109544
-0.102619
-0.05045
-0.015467
-0.003967
-0.00018
0.004411
-0.009188
-0.025398
-0.04017
-0.053513
-0.022948
0.043096
0.075044
0.087556
0.108455
0.139594
0.16894
0.178798
0.114813
0.052431
-0.020823
-0.093018
-0.092829
-0.033782
0.007724
0.043534
0.056818
0.031391
0.03556
0.02612
0.006504
-0.00971
-0.025637
-0.031344
-0.033171
-0.032859
-0.022646
-0.017582
-0.02661
-0.034551
-0.041439
-0.047101
-0.021873
0.024667
0.064529
0.080911
0.032249
-0.010741
-0.053161
-0.087213
-0.113124
-0.139485
-0.142635
-0.059576
0.013341
0.061517
0.085236
0.08567
0.036894
-0.015552
-0.061748
-0.102575
-0.126556
-0.149069
-0.147587
-0.083111
-0.025892
0.026377
0.045178
0.024745
0.011726
0.005756
0.020515
0.036523
0.056255
0.074501
0.09202
0.084866
0.043445
0.008867
-0.026239
-0.05968
-0.074054
-0.029776
0.010616
0.04606
0.060034
0.041501
0.03205
0.01662
-0.015654
-0.040916
-0.062736
-0.08022
-0.090743
-0.093461
-0.062265
-0.033492
-0.009815
0.015551
0.051117
0.084502
0.098588
0.105183
0.124361
0.15561
0.185955
0.224898
0.261935
0.251239
0.134761
0.026577
-0.136174
-0.169394
-0.181237
-0.198663
-0.178945
-0.13679
-0.10102
-0.063843
-0.015018
0.032824
0.045235
0.057756
0.082522
0.080929
0.03542
-0.002053
-0.038866
-0.052796
-0.055637
-0.052495
-0.038624
-0.030012
-0.018762
0.005585
0.028929
0.049231
0.057188
0.061043
0.04946
0.027077
0.004041
-0.015357
-0.024156
-0.032234
-0.024891
-0.006781
0.00841
0.031938
0.062577
0.082123
0.057158
0.029044
0.00309
-0.022132
-0.028398
-0.016282
-0.008676
-0.011262
-0.019599
-0.026182
-0.0263
-0.014731
-0.005299
0.001986
-0.005474
-0.014603
-0.023432
-0.03377
-0.043565
-0.053079
-0.058892
-0.047272
-0.035662
-0.027142
-0.023356
-0.028318
-0.031099
-0.027435
-0.022168
-0.017547
-0.012927
-0.009291
-0.006216
-0.003132
-0.000178
0.002692
0.005438
0.002277
-0.013309
-0.001512
0.031673
0.059244
0.078506
0.068225
0.059671
0.058753
0.063315
0.062291
0.043002
0.023517
0.004992
-0.011993
-0.027552
-0.04275
-0.055065
-0.064606
-0.068871
-0.060568
-0.054878
-0.056634
-0.059181
-0.045786
-0.010695
0.015849
0.036966
0.057169
0.06934
0.050494
0.031818
0.019116
0.005899
-0.00658
-0.01719
-0.019384
-0.022743
-0.029988
-0.036437
-0.042825
-0.04789
-0.03667
-0.017738
-0.006519
-0.011573
-0.014647
-0.003662
0.010159
0.0191
0.025086
0.033185
0.044026
0.041894
0.03109
0.022617
0.013753
0.00743
0.023761
0.046134
0.045576
0.028274
0.014884
0.002642
-0.003116
-0.008998
-0.012277
-0.005005
0.002403
0.009426
0.016297
0.022897
0.029288
0.034768
0.029546
0.019214
0.010555
0.004226
0.000383
-0.003719
-0.005876
-0.007182
-0.008623
-0.008971
-0.007398
-0.006141
-0.007254
-0.011237
-0.014554
-0.013237
-0.002713
0.006373
0.015175
0.014768
0.007998
0.001935
-0.006314
-0.013806
-0.01589
-0.011489
-0.009584
-0.0114
-0.013107
-0.01475
-0.016245
-0.014354
-0.009667
-0.005715
-0.001716
-0.001122
-0.007875
-0.013757
-0.019403
-0.01646
-0.005083
0.003257
0.008979
0.014733
0.020736
0.02146
0.016069
0.012021
0.011942
0.015537
0.018238
0.020334
0.013995
0.005203
-0.004033
-0.014354
-0.021114
-0.025159
-0.024646
-0.018994
-0.014266
-0.004572
0.007584
0.012321
0.006209
0.001844
-0.002828
-0.004814
0.00274
0.009921
0.013102
0.006143
0.001053
-0.001194
-0.004077
-0.010166
-0.015808
-0.019063
-0.01641
-0.007698
-0.000424
0.006845
0.008643
0.005191
0.004093
0.005617
0.006936
0.00894
0.011365
0.003571
-0.009962
-0.020562
-0.019305
-0.014144
-0.011083
-0.008501
-0.008314
-0.013397
-0.015402
-0.015372
-0.015946
-0.019529
-0.024009
-0.018522
-0.008631
-0.002614
-0.00433
-0.005827
-0.007281
-0.008704
-0.009999
-0.00822
-0.002821
0.00177
0.006379
0.009424
0.010745
0.013047
0.020789
0.027511
0.0278
0.0284
0.029815
0.035343
0.039734
0.029953
0.014859
0.001715
-0.01129
-0.022227
-0.028101
-0.033923
-0.037933
-0.021628
0.002463
0.025574
0.046013
0.043448
0.038986
0.03528
0.031396
0.026084
-0.007742
-0.021814
-0.022822
-0.026706
-0.029253
-0.024072
-0.009249
0.003079
0.012578
0.020615
0.025818
0.030082
0.034335
0.03255
0.022503
0.014359
0.007776
0.004889
0.002381
0.002149
0.005234
0.007351
0.005988
0.003583
0.004968
0.009114
0.012487
0.011042
0.002567
-0.004497
-0.012316
-0.0215
-0.027928
-0.027795
-0.028043
-0.026445
-0.017187
-0.007953
-0.002473
-0.007886
-0.012121
-0.013765
-0.015395
-0.016936
-0.016426
-0.012507
-0.009218
-0.006227
-0.004477
-0.002739
-0.002899
-0.007239
-0.011075
-0.014983
-0.018732
-0.018615
-0.011147
-0.004778
0.001592
0.007298
0.012311
0.015438
0.018196
0.018048
0.016457
0.015261
0.013976
0.012346
0.005388
-0.00343
-0.010113
-0.015846
-0.01611
-0.013076
-0.00977
-0.000459
0.00737
0.00509
0.001626
-0.001353
-0.004265
-0.002895
0.001954
0.00592
0.009985
0.013839
0.017578
0.018596
0.011264
0.005288
0.007502
0.01088
0.00624
-0.000387
-0.004174
-0.002459
-0.001072
0.00033
0.002583
0.007645
0.012438
0.016578
0.0104
-0.001751
-0.012059
-0.022508
-0.029603
-0.023822
-0.017741
-0.012303
-0.009545
-0.007538
-0.004554
0.000169
0.003763
0.00537
0.007069
0.00611
0.000814
-0.005108
-0.017006
-0.025068
-0.030282
-0.033204
-0.030045
-0.024324
-0.016514
-0.005198
0.005045
0.011222
0.009371
0.008509
0.007409
0.007296
0.012582
0.018425
0.023578
0.02758
0.031411
0.03507
0.038276
0.031344
0.016001
0.002076
-0.01296
-0.016626
-0.020468
-0.018611
-0.005889
0.005115
0.016106
0.021819
0.017882
0.015111
0.008837
-0.001011
-0.00579
-0.006383
-0.004831
-0.000197
0.003668
0.00597
0.000879
-0.004294
-0.00914
-0.012723
-0.015454
-0.017787
-0.014705
-0.010059
-0.005999
-0.001883
0.002947
0.00841
0.012277
0.013216
0.013276
0.010809
0.008646
0.006131
0.000214
-0.006346
-0.012421
-0.016277
-0.016942
-0.017817
-0.015678
-0.012568
-0.007081
-0.000361
0.001371
-0.004393
-0.008881
-0.013533
-0.017348
-0.015259
-0.011846
-0.008936
-0.005787
-0.001695
0.002435
0.006347
0.005551
-0.003105
-0.008941
-0.011803
-0.013838
-0.01464
-0.014108
-0.010953
-0.007895
-0.002387
0.003379
0.009893
0.016198
0.014609
0.00655
0.000093
-0.006583
-0.012059
-0.009142
-0.004338
-0.000257
0.003904
0.007432
0.006779
0.00516
0.003884
0.003747
0.006026
0.007935
0.009894
0.01305
0.017414
0.020801
0.018505
0.014882
0.008107
-0.001622
-0.002567
-0.004436
-0.005939
-0.004226
0.001955
0.002477
-0.001608
-0.004237
-0.000943
0.004183
0.002454
-0.000435
-0.002852
-0.003981
-0.003874
-0.004025
-0.003267
0.002427
0.008616
0.013453
0.01569
0.017968
0.019948
0.015458
0.005608
-0.003029
-0.012984
-0.021545
-0.013514
0.002411
0.011722
0.008142
0.004966
0.003183
0.002538
0.001709
0.000888
-0.002543
-0.008109
-0.012588
-0.014401
-0.015739
-0.01715
-0.018253
-0.016159
-0.012532
-0.009402
-0.006237
-0.003175
0.001402
0.007456
0.01283
0.012885
0.009123
0.006353
0.003895
0.006596
0.010364
0.013622
0.01346
0.008318
0.004107
-0.001725
-0.008843
-0.015453
-0.021836
-0.023419
-0.019436
-0.016524
-0.012669
-0.005224
0.002332
0.008774
0.009377
0.008877
0.008709
0.00842
0.008437
0.010344
0.012545
0.014562
0.015612
0.011801
0.007702
0.003678
-0.003967
-0.013572
-0.022065
-0.020989
-0.011756
-0.004562
0.001102
0.00453
0.008252
0.011724
0.015115
0.017344
0.013201
0.008331
0.003874
-0.000586
-0.006836
-0.014747
-0.015075
-0.012717
-0.011095
-0.009201
-0.004545
0.002476
0.007484
0.010014
0.012697
0.014224
0.008244
0.00106
-0.005483
-0.010077
-0.004739
0.001236
0.00636
0.008465
0.009895
0.011393
0.010635
0.008092
0.005634
0.001522
-0.00248
-0.006274
-0.006762
-0.003367
-0.000751
0.001984
0.004475
0.002234
-0.005466
-0.007213
-0.004384
-0.002786
-0.005936
-0.011544
-0.016338
-0.020976
-0.0185
-0.010199
-0.005081
-0.007324
-0.009887
-0.011878
-0.011809
-0.011425
-0.011144
-0.010827
-0.010529
-0.009996
-0.006927
-0.003142
0.000307
0.003723
0.006924
0.007046
0.004116
0.001854
-0.000539
-0.003655
-0.0074
-0.007465
-0.001765
0.001495
0.002487
0.003738
0.00532
0.009235
0.011961
0.011669
0.011664
0.011573
0.011499
0.011436
0.012271
0.014164
0.015807
0.017761
0.019885
0.020197
0.016665
0.013568
0.009421
0.003616
-0.001737
-0.006973
-0.008396
-0.002655
0.002063
0.006863
0.011389
0.01189
0.006783
0.002732
-0.001455
-0.005509
-0.010676
-0.016279
-0.021544
-0.026342
-0.020829
-0.008185
0.002381
0.01297
0.015871
0.011421
0.00847
0.005185
0.001519
-0.008088
-0.018802
-0.028039
-0.022908
-0.009272
0.001886
0.012577
0.014929
0.01307
0.010324
0.007812
0.005336
0.002971
0.001778
0.001954
0.001892
0.001901
0.001689
-0.000702
-0.003714
-0.006441
-0.009134
-0.009688
-0.004795
-0.000435
0.002518
0.004393
0.00564
0.002742
-0.000387
-0.003309
-0.006182
-0.008938
-0.010983
-0.008264
-0.004755
-0.001605
0.001874
0.005539
0.009034
0.012353
0.011954
0.007208
0.003366
-0.000583
-0.003672
-0.001711
0.001118
0.003604
0.00623
0.008733
0.008826
0.001397
-0.005498
-0.008786
-0.005221
-0.002553
0.000521
0.006133
0.012149
0.015305
0.015897
0.016859
0.016024
0.014084
0.012455
0.010767
0.005045
-0.009297
-0.015764
-0.017065
-0.013529
-0.010698
-0.007729
-0.002896
0.000756
0.000919
0.001711
0.002281
0.002257
-0.000601
-0.003463
-0.006232
-0.009222
-0.012155
-0.014732
-0.014108
-0.012235
-0.010743
-0.010616
-0.013345
-0.015634
-0.017937
-0.020131
-0.021345
-0.015737
-0.009053
-0.005334
-0.00628
-0.006624
-0.003705
0.00325
0.008651
0.009505
0.009411
0.009941
0.011049
0.012036
0.011628
0.009833
0.008354
0.006836
0.004927
0.001003
-0.002867
-0.006267
-0.004715
-0.000931
0.000398
0.001332
0.002298
0.002399
0.001538
0.000868
0.00017
-0.000395
0.00027
0.001407
0.002383
0.003369
0.00429
0.00439
0.00352
0.002845
0.002139
0.00147
0.000818
0.000188
0.000001
0.00171
0.00343
0.005106
0.007945
0.01155
0.013725
0.010939
0.008037
0.005302
0.002611
0.000109
0.000174
0.002041
0.003432
0.004911
0.0054
0.001893
-0.001651
-0.005021
-0.008312
-0.009711
-0.004109
0.001229
0.005578
0.00378
0.001022
-0.000094
-0.001015
-0.00194
-0.002821
-0.003677
-0.004502
-0.004989
-0.002426
0.000777
0.003667
0.006464
0.006138
0.00277
0.000083
-0.002704
-0.005912
-0.009845
-0.013405
-0.012642
-0.007561
-0.00346
0.000759
0.002914
0.000056
-0.00241
-0.004866
-0.007219
-0.007359
-0.003302
0.000133
0.003727
0.00846
0.013351
0.017525
0.014442
0.007863
0.00279
-0.000732
-0.00406
-0.007299
-0.008065
-0.004786
-0.002424
-0.000927
0.000438
0.001785
0.002634
0.001177
-0.00043
-0.001921
-0.003391
-0.004694
-0.002387
0.002919
0.007414
0.010402
0.006259
0.002016
-0.002019
-0.006133
-0.010113
-0.013963
-0.016192
-0.012483
-0.00896
-0.005554
-0.002106
0.002615
0.007624
0.009733
0.0048
0.00044
-0.00385
-0.007586
-0.01099
-0.014322
-0.015533
-0.012168
-0.009306
-0.006425
-0.003656
-0.000971
0.001642
0.004185
0.006642
0.00874
0.009341
0.009797
0.010218
0.00877
0.005795
0.003367
0.003515
0.005265
0.006575
0.007937
0.008361
0.008168
0.008113
0.00801
0.007922
0.007886
0.008422