0.000192
0.012309
0.004798
-0.004358
0.018514
0.042634
0.031369
-0.00349
-0.022447
-0.006683
-0.012991
0.008133
0.024312
0.008896
-0.002592
-0.014051
-0.004876
0.013401
0.008188
0.0045
0.00619
0.017447
0.024328
0.006077
-0.015543
-0.010761
-0.002978
-0.009273
0.000007
0.025615
0.007682
-0.021255
-0.046078
-0.049919
-0.004625
0.033159
0.023201
-0.021128
-0.055628
-0.058625
-0.01335
0.016882
0.008534
0.014699
0.023809
-0.005422
-0.040831
-0.032654
0.030986
0.030127
-0.022601
-0.062971
-0.049946
0.030252
0.095209
0.104667
0.030868
-0.02714
-0.084676
-0.062191
0.014838
0.074781
0.071756
0.011451
-0.034887
-0.079487
-0.040089
0.04691
0.108166
0.05923
-0.016076
-0.08082
-0.130731
-0.060264
0.029473
0.089325
0.043456
-0.010953
-0.053852
-0.025573
0.02441
0.035522
0.011026
-0.00699
-0.01851
0.000844
0.01906
0.035736
0.023827
-0.008082
-0.03288
-0.01235
0.017291
0.005858
0.003476
0.003333
0.01944
0.013388
-0.019981
-0.0027
0.038966
0.037536
-0.005164
-0.038646
-0.033409
0.006859
-0.006346
-0.016196
0.00415
0.01859
-0.005538
-0.036353
-0.000632
0.045057
0.016793
-0.014185
-0.042077
-0.037241
-0.004564
0.002312
-0.021489
-0.038439
-0.001549
0.021914
-0.028368
-0.060724
-0.021185
0.050194
-0.000192
-0.038911
-0.016713
0.055153
0.053589
0.019083
-0.00678
-0.017555
0.01319
0.004726
-0.009263
-0.016598
-0.00246
-0.005389
-0.02367
-0.007809
0.024363
0.03484
0.001177
-0.020994
-0.007061
0.005679
-0.008619
-0.010727
0.016633
0.018738
-0.014518
-0.038343
-0.018334
0.011809
0.029185
0.012842
0.000582
0.009994
0.000709
-0.025496
0.010083
0.058018
0.038385
-0.016368
-0.052955
-0.029616
0.005204
0.015707
-0.006219
-0.019134
-0.004184
0.015967
0.033766
0.040859
0.018656
-0.000976
-0.019711
-0.002056
0.041889
0.003973
-0.031644
-0.023223
0.015226
0.036772
0.01429
-0.011593
-0.011741
0.014903
0.008196
-0.016979
-0.036368
-0.034759
-0.033467
-0.042613
-0.029917
-0.009579
-0.024343
-0.043597
-0.046102
-0.009746
0.019548
0.00773
-0.016677
-0.036867
-0.050417
-0.031096
-0.011376
0.004703
0.004653
0.002375
0.008091
0.029815
0.048442
0.046128
0.031288
0.019913
0.016745
0.029107
0.038637
0.039175
0.023462
0.011937
0.025246
0.053546
0.077111
0.076194
0.032241
-0.003823
-0.040433
-0.045702
-0.002108
-0.009002
-0.015248
-0.012242
0.019136
0.039127
0.009882
-0.021261
-0.012122
0.019205
0.000878
-0.025017
-0.036718
-0.014903
-0.017687
-0.031311
-0.026542
-0.013641
-0.025839
-0.039923
-0.040698
0.00614
0.044315
0.051372
0.057873
0.066877
0.055194
0.009199
-0.019444
-0.019904
-0.021698
-0.029826
-0.053532
-0.007191
0.029135
0.050526
0.0198
-0.00739
-0.014314
-0.006859
-0.004822
-0.021466
-0.040659
-0.047986
-0.052438
-0.044914
-0.036543
-0.028721
-0.020406
-0.012247
0.010322
0.056373
0.024845
0.000379
0.023224
0.06372
0.048818
0.024665
0.004004
-0.017033
-0.033415
-0.014518
0.012128
0.030611
0.012843
-0.011501
-0.032925
-0.054449
-0.074939
-0.09166
-0.067215
-0.027119
0.007507
0.029025
0.013303
0.000476
-0.012088
-0.006948
0.015596
0.034072
0.045638
0.019276
0.033423
0.054683
0.056437
0.042695
0.040564
0.056679
0.044597
-0.00433
-0.040433
-0.019344
-0.011905
-0.055779
-0.089028
-0.120488
-0.096043
-0.045562
-0.003173
0.040046
0.081096
0.114401
0.044311
-0.074573
-0.138752
-0.081449
-0.029019
0.022024
0.050652
0.010538
-0.025659
-0.040707
0.01047
0.057496
0.069253
0.013596
-0.020739
0.004133
0.024379
0.023797
0.042019
0.077866
0.10626
0.038239
-0.095735
-0.12496
-0.056358
-0.005932
0.031917
-0.014178
-0.065309
-0.093255
-0.02171
0.056218
0.087558
0.038203
0.00879
0.026021
0.044604
0.033818
0.017462
0.013426
0.06113
0.087974
0.035321
-0.012177
-0.056895
-0.03164
0.051736
0.111931
0.083569
0.026721
0.026162
0.089442
0.128332
0.091898
0.04538
0.00371
-0.037941
-0.077709
-0.108308
-0.088853
-0.063374
-0.040977
-0.038701
-0.06587
-0.084174
-0.054395
-0.000672
0.037743
0.031066
0.029736
0.077821
0.074481
-0.039026
-0.10513
-0.038337
0.025243
0.078976
0.015218
-0.104856
-0.164124
-0.08919
-0.019971
0.037459
0.019021
-0.012939
-0.039639
-0.0665
-0.050155
0.000631
-0.037822
-0.02115
0.027404
0.027378
-0.009958
-0.036821
-0.024358
0.008613
0.030733
0.018696
-0.000085
-0.016139
-0.022233
0.012518
0.045523
0.0679
0.040666
0.010196
0.0138
0.079031
0.126666
0.092955
0.040348
-0.001001
0.016412
0.063818
0.097572
0.061889
-0.008988
-0.068694
-0.114405
-0.080318
-0.041123
-0.021779
-0.034667
-0.028699
0.005626
0.035479
0.048121
0.026298
0.017565
0.050963
0.087172
0.104942
0.071267
0.040286
0.012524
0.023973
0.051703
0.044688
0.030215
0.01999
0.016772
0.009766
-0.014488
-0.011866
0.018124
0.040372
0.018815
-0.034856
-0.079218
-0.123373
-0.129385
-0.10956
-0.10604
-0.121174
-0.103403
-0.070977
-0.045986
-0.055102
-0.059586
-0.009745
0.034041
0.061651
0.045315
0.037703
0.063539
0.093165
0.117677
0.099616
0.060719
0.028253
-0.004941
-0.03646
-0.067139
-0.096614
-0.10147
-0.052146
-0.022604
-0.045612
-0.067462
-0.080116
-0.029882
0.022687
0.011234
-0.009047
0.004344
0.059906
0.112439
0.136886
0.115545
0.102835
0.084001
0.041752
-0.002702
-0.044648
-0.085267
-0.122864
-0.147027
-0.155343
-0.150734
-0.143432
-0.136546
-0.027951
0.134361
0.020234
-0.025692
0.000125
0.027282
0.029529
-0.020688
-0.064788
-0.10858
-0.148166
-0.136219
-0.094214
-0.060643
-0.025757
0.007258
0.039521
0.070544
0.095811
0.114137
0.126235
0.133661
0.146987
0.156986
0.104987
0.046738
-0.00725
-0.060469
-0.108854
-0.075152
0.015735
0.090014
0.119794
0.067596
0.02978
0.019535
0.052671
0.045035
0.01177
-0.015236
-0.043051
-0.068121
-0.054308
-0.013439
0.015374
0.042135
0.068177
0.091039
0.101554
0.103834
0.060966
0.013234
-0.025502
-0.029904
-0.029337
-0.046597
-0.095711
-0.075142
-0.02347
0.015499
0.004622
-0.032466
-0.061817
-0.083275
-0.056398
-0.026603
0.001023
0.026096
0.016022
-0.010701
-0.032354
-0.037044
-0.006398
0.019015
0.038696
0.026062
0.011645
0.020157
0.054102
0.062953
0.009813
-0.039713
-0.074065
-0.045585
-0.016058
-0.007577
-0.019348
0.007201
0.045604
0.068835
0.044527
0.018855
-0.005175
-0.029184
-0.051065
-0.0379
-0.004359
0.023212
0.051382
0.060101
0.03788
0.024211
0.029781
0.026144
-0.005967
-0.034224
-0.061347
-0.076345
-0.068582
-0.019049
0.020536
0.03647
0.042546
0.052779
0.076093
0.074757
0.019113
-0.029862
-0.067892
-0.040618
-0.023981
-0.019783
-0.010844
-0.002071
-0.000068
-0.024316
-0.0397
-0.036915
-0.037267
-0.050861
-0.066952
-0.060117
-0.027934
-0.001137
0.0261
0.044675
0.039014
0.031019
0.019462
0.023894
0.027694
0.025952
0.024678
0.026434
0.03212
0.047169
0.074218
0.083153
0.052158
0.024422
-0.002856
-0.024619
-0.039276
-0.042076
-0.014544
0.011701
0.037071
0.054408
0.033588
0.010254
-0.011311
-0.03137
-0.025346
-0.004188
0.021172
0.040118
0.012628
-0.009379
-0.02646
-0.031982
-0.039966
-0.053162
-0.053124
-0.034172
-0.023671
-0.027978
-0.031659
-0.026277
-0.011285
-0.029248
-0.05311
-0.060287
-0.075732
-0.048181
-0.004276
0.033561
0.068392
0.048902
0.004528
-0.010866
-0.009648
-0.013532
-0.020302
-0.03303
-0.062249
-0.063944
-0.022123
0.011875
0.046194
0.044983
-0.00473
-0.045026
-0.071139
-0.046939
-0.025446
-0.004842
0.006486
0.022261
0.05196
0.078152
0.104111
0.105742
0.054339
0.009263
-0.025886
-0.000406
0.028379
0.011264
-0.017823
-0.03859
-0.034484
-0.035722
-0.058799
-0.076878
-0.056677
-0.013719
0.022368
0.059088
0.091452
0.071982
0.022268
-0.001534
0.01881
0.030416
0.016809
0.013076
0.007414
-0.02078
-0.024831
-0.026265
-0.036023
-0.078068
-0.111921
-0.122139
-0.132751
-0.117095
-0.083657
-0.055437
-0.026812
-0.014271
-0.030861
-0.026348
0.010881
0.04316
0.075283
0.102934
0.10543
0.095931
0.088693
0.067504
0.040696
0.016311
0.009781
0.043773
0.066343
0.048438
0.025362
0.007166
0.0158
0.031568
0.033946
0.035126
0.036564
0.038152
0.039897
0.045046
0.052208
0.04105
0.009283
-0.015859
-0.015757
-0.006586
-0.020798
-0.041872
-0.05859
-0.065576
-0.061986
-0.040582
-0.021856
-0.003181
0.014162
0.010723
-0.010008
-0.025857
-0.036392
-0.04479
-0.049853
-0.03623
-0.021531
-0.007778
0.005703
0.008879
-0.010334
-0.02695
-0.042515
-0.047467
-0.050174
-0.05623
-0.048172
-0.019646
0.004619
0.025582
0.034526
0.047554
0.061999
0.075465
0.085643
0.066138
0.041028
0.03011
0.024377
0.009818
-0.015137
-0.014374
0.038868
0.082118
0.068322
0.026243
0.000787
0.006773
0.009192
-0.003507
-0.015419
-0.027278
-0.038898
-0.050069
-0.060871
-0.070795
-0.079527
-0.084643
-0.063927
-0.039087
-0.016431
0.00604
0.021111
0.002523
-0.018328
-0.037565
-0.056567
-0.067753
-0.036005
0.000536
0.033718
0.036791
-0.003263
-0.03497
-0.049419
-0.021014
0.002615
0.020377
0.013197
0.012564
0.025334
0.025251
0.015994
0.008953
0.009475
0.025814
0.039707
0.05365
0.059261
0.039881
0.023238
0.025878
0.026033
0.000555
-0.017302
-0.011011
-0.004619
-0.00837
0.003755
0.025205
0.043754
0.054291
0.028055
0.004305
-0.000665
-0.003377
-0.005259
0.007757
0.024875
0.030456
0.004876
-0.018809
-0.0274
-0.007288
0.003157
-0.003818
-0.00526
-0.004758
-0.004787
-0.004624
-0.006901
-0.01542
-0.023272
-0.030948
-0.037242
-0.02113
0.007861
0.027359
0.038004
0.050069
0.063846
0.075656
0.057436
0.021856
-0.006293
-0.029334
-0.051494
-0.065035
-0.037225
-0.006826
0.021471
0.049243
0.059187
0.036023
0.018276
0.008296
0.000879
-0.006789
-0.004154
0.012447
0.026265
0.040285
0.05291
0.043293
0.01818
-0.002402
-0.0179
-0.02573
-0.030176
-0.011363
0.008667
0.026747
0.020796
-0.005415
-0.012952
0.014809
0.03985
0.064463
0.086789
0.065553
0.014134
-0.028568
-0.072178
-0.087866
-0.001832
0.058903
0.033483
0.010302
-0.012287
-0.030998
-0.02397
-0.013382
-0.020416
-0.036363
-0.049701
-0.063344
-0.080241
-0.101403
-0.12037
-0.114833
-0.084755
-0.060271
-0.03509
-0.011118
0.012572
0.035536
0.057163
0.055755
0.031594
0.015209
0.008696
0.002669
-0.003298
-0.007802
-0.003235
0.00287
0.008206
0.008294
0.000741
-0.005327
-0.008353
0.00315
0.014743
0.020688
0.014973
0.010409
0.005737
0.001263
-0.003069
-0.006904
-0.00339
0.0042
0.001572
-0.011455
-0.02229
-0.032457
-0.025253
-0.008099
0.005945
0.011747
0.006716
0.00411
0.0052
0.007699
0.005632
-0.002093
-0.008675
-0.01393
-0.003826
0.008758
0.007619
0.005355
0.007795
0.021561
0.034218
0.046595
0.053232
0.038728
0.024942
0.011609
-0.001373
-0.013884
-0.025954
-0.028172
-0.011733
0.001992
0.015145
0.022159
0.027434
0.026466
0.022822
0.019977
0.018182
0.023885
0.030238
0.02728
0.011885
-0.00104
-0.014036
-0.019509
-0.014887
-0.013185
-0.022734
-0.0337
-0.025261
-0.008285
0.006051
0.020625
0.031679
0.015075
-0.007538
-0.027444
-0.041664
-0.046906
-0.053367
-0.052883
-0.020196
0.013575
0.035098
0.051176
0.062976
0.049306
0.034061
0.020086
0.017102
0.029568
0.02757
0.014865
-0.004034
-0.023634
-0.040003
-0.028456
-0.005812
0.009883
0.007015
0.004072
0.001385
-0.001332
-0.001972
0.003574
0.008724
0.013446
0.009267
-0.001105
-0.009631
-0.017187
-0.023629
-0.030067
-0.036237
-0.042616
-0.04896
-0.05502
-0.057366
-0.048333
-0.039978
-0.032078
-0.027146
-0.023095
-0.022331
-0.025727
-0.028264
-0.031842
-0.039921
-0.046909
-0.034554
-0.01315
0.005295
0.023343
0.023472
0.01136
0.002432
-0.005983
-0.002712
0.003007
0.007806
0.012917
0.019655
0.026673
0.034468
0.041216
0.037587
0.034266
0.031022
0.027214
0.019741
0.011974
0.004613
-0.002227
0.001683
0.013035
0.022245
0.025828
0.017518
0.01153
0.015201
0.023691
0.023524
0.013483
0.005271
-0.003052
-0.005811
-0.001088
0.0023
0.005929
0.009335
0.012652
0.015597
0.013389
0.008187
0.003867
-0.000551
-0.004201
-0.00682
-0.009483
-0.011939
-0.011193
-0.007273
-0.004099
-0.003954
-0.009206
-0.013471
-0.017918
-0.022825
-0.027704
-0.031259
-0.026368
-0.020064
-0.014412
0.003519
0.034592
0.032669
0.033319
0.03257
0.03224
0.034675
0.037267
0.014126
-0.007804
-0.028063
-0.028447
-0.018599
-0.017884
-0.012415
0.001189
0.013663
0.024199
0.017566
0.007151
-0.001655
-0.006535
-0.007594
-0.009397
-0.010887
-0.012395
-0.012382
-0.009536
-0.007109
-0.004664
-0.002319
-0.000739
-0.002779
-0.005057
-0.007161
-0.010058
-0.01547
-0.020612
-0.025297
-0.021025
-0.010527
-0.001821
0.007081
0.015535
0.022639
0.018539
0.012216
0.010075
0.009028
0.007783
0.005775
-0.004776
-0.015411
-0.009417
-0.000095
0.006951
0.004596
-0.000052
-0.001701
-0.000965
-0.000607
-0.00104
-0.004321
-0.007383
-0.00932
-0.005838
-0.002003
0.001558
0.004959
0.00445
0.000727
-0.002209
-0.004626
-0.003624
-0.002395
-0.001288
-0.000177
0.00091
0.00201
0.003064
0.004086
0.005071
0.00512
0.001608
-0.001746
-0.004974
-0.006138
-0.003877
-0.002194
-0.000417
0.001262
0.002853
0.002679
0.000766
-0.000757
-0.002332
-0.003548
-0.002671
-0.001434
-0.000423
-0.001892
-0.005468
-0.008477
-0.011526
-0.014192
-0.012086
-0.007197
-0.00313
0.001029
0.004932
0.005347
0.000876
-0.002669
-0.006329
-0.009782
-0.010189
-0.004773
-0.000213
0.004294
0.008007
0.011483
0.013213
0.013183
0.01347
0.013641
0.01383
0.013996
0.013199
0.008171
0.003147
-0.001654
-0.006333
-0.01083
-0.012354
-0.006224
-0.000759
0.004643
0.009852
0.014069
0.013188
0.011652
0.010366
0.009027
0.006515
0.001225
-0.003637
-0.008409
-0.013008
-0.017398
-0.017786
-0.012616
-0.008546
-0.006062
-0.005213
-0.004061
-0.003046
-0.002031
-0.000981
0.002286
0.007069
0.011322
0.015552
0.019598
0.022167
0.019322
0.016627
0.014016
0.011462
0.008998
0.006602
0.004282
0.002033
-0.000088
-0.000252
0.001213
0.002293
0.002614
-0.00038
-0.003227
-0.00597
-0.007266
-0.006165
-0.005451
-0.004655
-0.003914
-0.003863
-0.005138
-0.006063
-0.002516
0.004158
0.008539
0.010237
0.006512
-0.001964
-0.009155
-0.015416
-0.010215
-0.001662
0.005488
0.006296
0.001415
-0.00212
-0.00592
-0.009473
-0.012773
-0.01016
-0.002656
0.003554
0.005871
0.000097
-0.004527
-0.009009
-0.005439
0.003655
0.011136
0.014816
0.010408
0.007103
0.00315
-0.002745
-0.008539
-0.014069
-0.013246
-0.002281
-0.002141
-0.006926
-0.010416
-0.013587
-0.010049
-0.004867
-0.003224
-0.002344
-0.001502
-0.001862
-0.002337
-0.003381
-0.006866
-0.010196
-0.01197
-0.008
-0.005127
-0.005927
-0.006631
-0.007319
-0.007629
-0.004422
-0.00089
0.000215
0.001208
0.003948
0.010026
0.011036
0.000129
-0.009695
-0.014651
-0.006755
0.000115
0.006944
0.013687
0.021017
0.028177
0.034457
0.03115
0.023235
0.016708
0.010307
0.004714
0.000713
-0.001273
-0.002153
0.000778
0.003364
0.007199
0.013077
0.017832
0.014888
0.008914
0.003914
-0.001198
-0.006051
-0.009805
-0.008437
-0.006694
-0.00646
-0.008427
-0.010016
-0.010851
-0.008536
-0.006522
-0.008307
-0.01228
-0.015594
-0.018892
-0.019107
-0.016356
-0.014239
-0.01231
-0.015119
-0.020128
-0.024409
-0.028726
-0.030021
-0.018792
-0.007458
0.003333
0.013874
0.023049
0.021269
0.016136
0.012069
0.007803
0.004259
0.005385
0.007581
0.009388
0.012505
0.017937
0.0228
0.023884
0.021734
0.020303
0.018696
0.017199
0.014999
0.009164
0.003194
-0.001397
0.004724
0.013188
0.019485
0.014611
0.007111
0.000863
-0.003478
-0.007089
-0.010451
-0.010249
-0.008997
-0.00806
-0.00705
-0.006105
-0.005188
-0.00521
-0.006531
-0.007597
-0.008666
-0.008147
-0.005445
-0.00318
-0.001019
-0.001722
-0.004066
-0.005941
-0.006569
-0.001272
0.004051
0.008994
0.009541
0.006366
0.004106
0.004866
0.010218
0.012505
0.012766
0.013356
0.013725
0.011568
0.007629
0.004241
0.001503
0.000239
-0.001157
-0.002759
-0.007252
-0.012274
-0.014149
-0.011276
-0.009171
-0.006935
-0.004821
-0.003429
-0.006154
-0.009338
-0.012103
-0.013422
-0.014326
-0.015302
-0.016198
-0.017219
-0.02048
-0.024772
-0.027887
-0.022774
-0.015172
-0.008908
-0.006438
-0.005049
-0.003405
-0.001471
0.003187
0.007407
0.005076
0.001361
-0.001817
-0.004849
-0.001828
0.005329
0.011285
0.017359
0.023124
0.028723
0.033976
0.032023
0.021621
0.013017
0.004235
-0.003325
-0.007501
-0.011568
-0.014868
-0.009931
-0.001871
0.00395
0.002836
0.000705
-0.001035
-0.002842
-0.003668
-0.002145
-0.000807
0.00052
0.001795
0.0015
-0.00288
-0.006864
-0.010776
-0.01474
-0.022421
-0.029865
-0.031201
-0.031865
-0.028233
-0.02482
-0.015837
0.000959
0.013159
0.011216
0.00801
0.005326
0.002547
-0.000023
-0.00036
0.001963
0.003749
0.005037
0.003648
0.002227
0.002903
0.010022
0.016373
0.018628
0.019219
0.020172
0.020951
0.021561
0.020365
0.018784
0.017365
0.015937
0.014522
0.0115
0.006907
0.004502
0.006019
0.007164
0.008352
0.00948
0.010351
0.008438
0.005467
0.002871
0.000285
-0.000269
0.001933
0.003625
0.004872
0.002884
0.000542
-0.00089
0.002978
0.007666
0.008787
0.006219
0.004338
0.002292
-0.001009
-0.005398
-0.009041
-0.008748
-0.007198
-0.006033
-0.004783
-0.003626
-0.003293
-0.004131
-0.004753
-0.005408
-0.005349
0.001305
0.008739
0.003947
-0.0075
-0.015417
-0.018521
-0.021526
-0.024219
-0.022263
-0.01763
-0.013776
-0.009828
-0.006604
-0.008649
-0.011865
-0.014611
-0.017394
-0.020027
-0.021142
-0.01578
-0.010353
-0.005188
-0.001398
-0.002732
-0.003947
-0.005118
-0.006264
-0.007357
-0.008415
-0.009376
-0.008635
-0.006711
-0.00512
-0.003054
0.00314
0.009628
0.014414
0.017596
0.016153
0.015043
0.013891
0.013441
0.015946
0.017924
0.01573
0.012873
0.011831
0.013721
0.014639
0.01301
0.011313
0.009817
0.011675
0.015881
0.018595
0.013652
0.006961
0.001034
-0.004901
-0.008234
-0.00398
-0.000126
0.003584
0.00685
0.009966
0.012958
0.013395
0.010306
0.007872
0.005345
0.002888
-0.00121
-0.006403
-0.011144
-0.014102
-0.010166
-0.00645
-0.003701
-0.003282
-0.002752
-0.002316
-0.002725
-0.003532
-0.004213
-0.004903
-0.005559
-0.006824
-0.009732
-0.012437
-0.015048
-0.01634
-0.016101
-0.016119
-0.016049
-0.015996
-0.015929
-0.015853
-0.014053
-0.006784
0.000054
0.006702
0.01069
0.00667
0.003067
-0.000474
-0.0039
-0.004899
0.00153
0.007482
0.011922
0.011837
0.011897
0.012112
0.014669
0.0181
0.021166
0.024198
0.025416
0.022768
0.020529
0.018217
0.01549
0.012681
0.010002
0.008425
0.00968
0.010714
0.011062
0.007848
0.004429
0.00172
0.001038
0.000371
-0.000286
-0.000947
-0.002285
-0.003996
-0.00555
-0.006291
-0.004866
-0.003619
-0.00238
-0.001191
-0.001108
-0.002851
-0.004266
-0.005712
-0.007071
-0.007878
-0.008288
-0.008764
-0.009194
-0.009615
-0.010014
-0.010072
-0.008672
-0.007261
-0.005921
-0.005887
-0.008371
-0.010471
-0.012583
-0.014598
-0.016541
-0.017013
-0.012964
-0.009204
-0.005419
-0.001075
0.003214
0.007339
0.010523
0.009414
0.00798
0.006704
0.005414
0.004185
0.002985
0.001928
0.002482
0.003807
0.004889
0.004053
-0.001904
-0.004328
-0.00458
-0.005309
-0.005846
-0.006419
-0.006951
-0.006879
-0.004175
-0.001462
0.001126
0.00334
0.0015
-0.001886
-0.004758
-0.007673
-0.010441
-0.013108
-0.014106
-0.012809
-0.011907
-0.010921
-0.009991
-0.00793
-0.001408
0.004848
0.010288
0.008901
0.005425
0.002629
0.000779
0.003789
0.006845
0.00974
0.012571
0.015006
0.014608
0.013557
0.012723
0.011839
0.011003
0.009963
0.008378
0.006874
0.005406
0.004539
0.007853
0.011816
0.013138
0.010012
0.007477
0.004884
0.002404
-0.000002
-0.002211
-0.004143
-0.006042
-0.007868
-0.009633
-0.011336
-0.012978
-0.014107
-0.01076
-0.006463
-0.002605
0.001223
0.001942
-0.002386
-0.005827
-0.009369
-0.012732
-0.014951
-0.009265
-0.002682
-0.000476
0.000935
0.002493
0.003928
0.005338
0.006604
0.007778
0.008921
0.010017
0.010975
0.011779
0.01257
0.013323
0.013878
0.011807
0.008495
0.005601