-0.000866
-0.058202
-0.037547
0.01088
0.025261
0.027642
-0.006936
-0.041889
-0.075093
-0.094799
-0.048337
-0.007169
-0.025854
-0.039212
-0.032086
-0.025315
0.048425
0.046056
-0.016122
-0.030725
0.004774
0.019541
0.016989
-0.000746
-0.019062
-0.036241
-0.045955
0.041231
0.030466
-0.017309
-0.02055
-0.029975
-0.009639
0.031437
0.03689
0.047534
0.003116
-0.031495
-0.013048
0.051149
0.078688
0.041258
0.008203
-0.020392
0.004252
0.03487
-0.014985
-0.022826
0.0398
0.000573
0.011793
0.019053
0.010018
0.022753
0.003222
-0.012619
0.006899
0.07657
0.089182
0.023901
-0.026846
-0.018838
0.031396
-0.004479
-0.003549
-0.008722
-0.006469
0.027988
0.029998
0.002465
-0.011833
0.002476
0.017821
0.032545
0.039972
0.011455
-0.007236
0.010393
-0.02165
-0.015346
0.040234
0.015748
-0.009874
0.002328
0.019464
0.003172
0.024421
0.013772
0.001517
-0.01001
-0.014549
0.008437
0.022998
0.004635
-0.01296
0.012788
0.043764
-0.001036
-0.016286
-0.027187
-0.03811
-0.024627
0.008465
0.034889
0.032035
0.017098
0.019326
0.017456
-0.00078
-0.023307
-0.02702
-0.030637
-0.007123
0.034766
0.042216
-0.005467
-0.040758
-0.009842
-0.001163
-0.005709
-0.022193
-0.017284
-0.018262
-0.035378
0.003506
0.038411
0.038506
0.025904
-0.015483
-0.019682
0.047839
0.053484
0.006205
-0.029531
-0.034221
0.025957
0.011676
0.011456
0.011774
0.00616
-0.004399
0.003058
0.013532
0.008867
-0.01503
-0.020887
0.005048
0.019582
-0.013876
-0.037366
-0.016877
-0.01877
-0.024565
-0.006912
-0.018122
-0.038803
-0.055522
-0.033947
0.030334
0.027821
-0.000391
-0.009733
0.024099
0.021376
0.000918
-0.0043
-0.011993
-0.017987
-0.011962
0.001253
0.012301
0.018916
-0.003164
-0.0283
-0.051277
-0.045287
0.007684
0.008349
-0.014967
-0.019218
0.007878
0.009114
-0.003638
-0.012631
-0.021261
-0.01572
-0.001088
0.017204
0.025537
0.010242
-0.004829
-0.038056
-0.051377
0.000592
0.014962
0.020104
0.02352
0.010095
-0.002335
-0.014477
-0.021078
-0.010421
-0.013375
-0.016015
-0.004647
0.016824
-0.011404
0.001416
0.023593
0.007654
-0.009208
-0.023088
-0.00571
0.013256
-0.015566
-0.021778
0.013373
0.008404
-0.023142
-0.008321
0.021187
0.006339
-0.026152
-0.028831
0.004219
0.003839
0.012115
0.020558
0.007495
-0.006317
0.002022
-0.005
-0.010669
0.005735
0.024122
0.022434
-0.010924
-0.019494
0.029606
0.00893
-0.006668
-0.016285
-0.024326
-0.029569
-0.026423
-0.000556
-0.013505
0.004622
0.014041
0.000424
0.013586
0.012633
0.001166
0.018856
0.001524
-0.02124
-0.022187
0.045109
0.039093
0.010633
-0.008749
-0.021527
-0.033312
-0.049535
-0.053178
-0.022426
0.00381
0.023153
0.021513
0.007679
0.020079
0.029431
0.025277
-0.00269
-0.025693
-0.024518
0.005139
0.018507
0.026149
0.011792
0.014107
0.033052
0.015055
-0.007143
-0.009784
0.021217
0.043065
0.057718
0.039459
0.015644
0.000085
-0.011617
-0.022953
-0.033153
-0.028264
0.002086
0.018891
-0.002688
-0.024632
-0.019475
0.011409
0.024727
0.012695
0.01211
0.011433
-0.010655
-0.028996
-0.010606
0.015104
-0.004582
-0.010547
-0.003958
-0.024442
0.006308
0.002184
-0.008895
-0.00009
0.02759
0.00607
-0.004082
0.005257
-0.018703
-0.041635
-0.054118
-0.062122
-0.045026
-0.026425
-0.010125
-0.015815
0.006048
0.035595
0.026006
-0.007399
-0.033862
-0.036361
-0.010255
0.000303
0.009565
-0.010628
-0.041762
-0.064807
-0.035625
0.009692
0.02774
0.047026
0.06341
0.029381
-0.001636
0.016022
0.033281
0.000693
-0.018248
-0.007169
-0.013003
-0.028683
-0.040693
-0.039707
0.014184
0.00349
0.005891
0.038599
0.0636
0.076215
0.05083
0.028739
0.006734
-0.011458
0.008532
0.018212
0.00547
-0.001352
-0.013401
-0.033652
-0.027522
0.008954
0.032336
0.00711
-0.027013
-0.049807
0.013298
0.016513
-0.005147
0.016761
0.030284
0.043042
0.01897
-0.01242
-0.040453
-0.059291
-0.030151
0.001935
0.020168
0.001221
-0.015937
-0.020982
-0.004235
0.002512
0.013986
0.034535
0.044178
0.024723
0.006846
-0.010622
-0.027096
-0.020386
-0.000177
-0.012318
-0.013532
-0.000409
-0.013286
-0.027824
-0.021175
-0.011696
-0.003319
0.011003
0.034818
0.056288
0.056883
0.01041
-0.01859
-0.024592
-0.037424
-0.061934
-0.041408
-0.01593
-0.006638
-0.00362
-0.003824
-0.011119
-0.011913
0.016611
0.027373
0.015736
0.007669
-0.001092
-0.009295
-0.015902
-0.004476
0.011683
0.018724
0.026404
0.033558
0.040255
0.038402
0.03009
0.019579
0.008237
-0.002386
-0.011668
0.012495
0.027805
-0.001191
0.00875
0.033939
0.01646
-0.010736
-0.016967
-0.019922
-0.021103
-0.017425
0.020586
0.013873
-0.010536
-0.015397
-0.008052
-0.006738
-0.012408
-0.009593
0.016493
0.016625
-0.000211
0.001362
0.01342
0.023007
0.019918
-0.012024
-0.008697
0.014356
0.005363
-0.000731
-0.004021
-0.006692
-0.009655
-0.0177
-0.02073
-0.001655
0.005301
-0.00652
0.000953
-0.001901
-0.016755
-0.019529
0.006196
-0.004555
-0.01862
0.001799
0.016694
-0.000353
-0.001258
0.02828
0.046018
0.026504
-0.000109
-0.023589
-0.037468
-0.012381
0.011307
0.028765
0.024122
0.020142
0.00548
-0.006993
-0.016998
-0.007705
-0.006026
-0.028894
-0.014812
0.002774
0.006016
-0.003016
0.014089
0.010694
0.00603
0.019623
0.022923
0.007929
-0.006744
-0.021315
-0.034589
-0.031745
-0.019503
-0.009949
-0.002622
0.001937
0.005896
-0.003265
-0.017261
-0.029361
-0.031421
-0.018752
-0.008909
-0.007451
-0.023484
-0.027889
-0.010509
-0.003771
0.002764
0.006792
0.001236
-0.003938
-0.002391
0.011996
0.020333
0.010675
0.007299
0.015496
0.009585
-0.005841
-0.011319
0.006803
0.023195
0.020474
0.010101
0.022832
0.021705
0.014471
0.010446
0.007867
0.026746
0.047014
0.036602
0.020253
0.00691
-0.005792
-0.017738
-0.017011
-0.004224
-0.007137
-0.009938
-0.015295
-0.003895
0.01815
0.027705
0.016984
0.01254
0.022917
0.01135
-0.00498
-0.019246
-0.032116
-0.029539
-0.026003
-0.035966
-0.045783
-0.030368
0.012331
0.023039
0.024701
0.031422
0.023108
0.007984
0.015697
0.004066
-0.009938
-0.022618
-0.031554
-0.012402
0.010512
0.009642
-0.006174
-0.018131
-0.028091
-0.007826
0.021068
0.046483
0.055302
0.018931
0.00337
0.016105
0.014233
0.003471
-0.005469
-0.01786
-0.032986
-0.046414
-0.038679
-0.013166
0.003978
0.006707
0.009663
0.015284
0.013762
0.008601
0.01386
0.023786
0.007531
-0.002886
-0.012274
-0.021223
-0.029296
-0.035382
-0.022829
-0.002718
-0.006421
-0.019299
-0.025516
-0.026069
-0.009984
0.00143
0.01364
0.035436
0.040608
0.012666
-0.010394
-0.02112
0.007592
0.007511
-0.002593
0.001173
0.011365
0.012043
0.010945
0.021921
0.031761
0.039394
0.020377
-0.008714
-0.03416
-0.054997
-0.039555
-0.018982
-0.004754
0.009546
0.013234
-0.00013
-0.00751
0.007397
0.02105
0.001195
-0.02183
-0.032344
-0.001271
0.019633
0.03051
0.027675
0.002397
-0.018338
-0.039507
-0.049709
-0.009207
0.014585
0.021064
0.02749
0.03095
0.020767
0.006265
-0.006224
-0.00876
-0.002637
-0.007232
-0.021051
-0.016241
-0.000146
0.012823
0.025465
0.036635
0.047497
0.046346
0.028614
0.014097
-0.00076
-0.016592
-0.034851
-0.047959
-0.035785
-0.02057
-0.007009
-0.003191
-0.013585
-0.012761
0.004229
0.021735
0.036429
0.039907
0.028248
0.004216
-0.00656
-0.012299
-0.020076
-0.029332
-0.038079
-0.044689
-0.032603
-0.016502
-0.002183
0.010815
0.006235
-0.004828
-0.004538
0.006379
0.012923
0.002711
-0.010506
-0.02231
-0.028873
-0.008229
0.013993
0.028433
0.01016
-0.010446
-0.028376
-0.014645
0.021546
0.047184
0.033656
0.010454
-0.008603
-0.012351
-0.003634
-0.013952
-0.026394
-0.025665
-0.014973
-0.006625
0.001929
0.008429
0.0144
0.020251
0.02583
0.031203
0.031198
0.019651
0.0199
0.024297
0.00909
-0.004024
-0.000809
0.011977
0.014193
0.005382
0.002834
-0.002989
-0.023455
-0.043043
-0.036093
-0.030485
-0.040811
-0.030294
-0.015469
-0.003064
-0.000055
-0.001597
-0.005418
-0.00173
0.018627
0.03626
0.046184
0.015999
-0.00769
-0.001007
-0.001866
-0.015553
-0.02762
-0.029705
-0.010911
-0.015347
-0.014655
-0.00278
0.004706
0.007252
0.010575
0.016777
0.022542
0.026994
0.022435
0.017633
0.019105
0.019271
0.014137
0.013633
0.011585
-0.006561
-0.02446
-0.031707
-0.012534
-0.005077
-0.004334
0.000502
0.009081
0.016901
0.021714
0.013517
0.005123
-0.00282
-0.010569
-0.011542
0.000237
0.010128
0.014166
-0.001098
-0.012511
-0.020474
-0.025971
-0.022167
-0.017542
-0.008723
-0.000377
0.000954
-0.011051
-0.019464
-0.015751
-0.011199
-0.013951
-0.016949
-0.019846
-0.00159
0.024668
0.039061
0.014376
-0.010383
-0.009123
0.009432
0.014842
0.004331
-0.004213
-0.007486
0.000136
0.005134
-0.000443
-0.008489
-0.013585
0.002434
0.024627
0.033278
0.026154
0.014295
-0.002246
-0.017031
-0.029661
-0.015507
0.008499
0.020415
0.026626
0.033729
0.03976
0.038496
0.033546
0.029295
0.017398
-0.004767
-0.024468
-0.041138
-0.043011
-0.024415
-0.008697
0.007156
0.022331
0.036653
0.031478
0.003451
-0.018261
-0.029831
-0.03765
-0.032926
-0.022866
-0.018721
-0.021382
-0.023047
-0.023814
-0.010638
0.007706
0.020909
0.010697
-0.003736
-0.010993
0.002611
0.015644
0.015692
-0.012612
-0.037525
-0.053404
-0.023106
0.000615
-0.008188
-0.011878
0.014946
0.048299
0.072202
0.04935
0.018219
-0.009248
-0.035763
-0.039373
-0.028167
-0.009869
0.010263
0.028973
0.047241
0.048815
0.022969
0.002018
-0.019349
-0.024508
-0.000098
0.00648
0.002191
0.001844
0.012993
0.018907
0.014902
0.015531
0.024854
0.020344
0.012917
0.016872
0.019811
0.010467
0.000565
-0.008753
-0.015395
-0.006589
0.003601
0.001729
-0.007851
-0.015379
-0.023209
-0.026337
-0.015732
-0.005941
0.002807
0.002352
0.00084
0.007209
0.011839
0.007691
0.002573
0.004907
0.008251
-0.003753
-0.018625
-0.032078
-0.045427
-0.055648
-0.037579
-0.019237
-0.035678
-0.049231
-0.040738
-0.019282
-0.001477
0.023699
0.057694
0.08291
0.061595
0.032217
0.006338
-0.013634
0.004066
0.010211
-0.008079
-0.021526
-0.032548
-0.018031
0.000523
0.017149
0.033532
0.034056
0.012904
-0.002662
-0.004534
-0.003622
-0.008062
-0.012126
-0.018329
-0.038415
-0.02571
-0.011921
-0.002903
0.001935
0.006877
0.010717
0.014554
0.021231
0.030516
0.020143
0.002743
-0.009467
-0.004984
0.001879
0.007704
0.006631
-0.008332
-0.021134
-0.033176
-0.02849
-0.014157
-0.002582
0.006603
0.000925
-0.005579
-0.006373
-0.004141
-0.007556
-0.007185
-0.005056
-0.007899
-0.009635
-0.00662
-0.004155
-0.005173
-0.008573
-0.003405
0.00457
0.011547
0.017182
0.014193
0.010195
0.006655
0.003575
0.004273
0.005603
0.006586
0.003908
-0.001963
-0.010444
-0.021474
-0.011155
0.00324
0.003813
0.005971
0.014038
0.018675
0.012553
0.008328
0.004382
0.007904
0.01351
0.014893
0.011509
0.008228
-0.00214
-0.012649
-0.011331
-0.006969
0.002752
0.013883
0.023258
0.027428
0.016517
0.00558
-0.00329
-0.013091
-0.024277
-0.035988
-0.049134
-0.042897
-0.023482
-0.007812
0.006299
0.018097
0.023047
0.014101
0.007084
0.000106
0.001847
0.00946
0.012782
0.014525
0.016467
0.013526
0.007552
0.015054
0.020561
0.025229
0.021151
0.018548
0.024119
0.021701
0.012254
0.004905
0.00192
0.000247
-0.002586
-0.0136
-0.026297
-0.037945
-0.041191
-0.022141
-0.006014
0.004307
0.013455
0.016996
0.007713
0.000638
0.000901
0.000786
-0.006929
-0.014072
-0.02486
-0.034591
-0.036632
-0.03617
-0.026236
-0.017254
-0.008399
-0.002786
-0.010336
-0.011917
-0.00577
-0.002244
-0.005578
-0.004036
0.000479
0.001507
-0.003937
-0.003073
0.007669
0.014099
0.013694
0.013592
0.013327
0.012369
0.011312
0.010223
0.007949
0.005265
0.002828
0.000638
0.003983
0.01115
0.01645
0.020441
0.024881
0.029481
0.027541
0.022551
0.018394
0.01372
0.009223
0.005629
0.007962
0.009856
0.000564
-0.010455
-0.019879
-0.021859
-0.022
-0.018644
-0.015887
-0.017356
-0.022424
-0.02285
-0.011567
-0.002295
0.000081
0.00184
0.00549
0.012153
0.009742
0.00546
0.001848
-0.003083
-0.008817
-0.0141
-0.013927
-0.006072
-0.000887
0.001795
0.004523
0.007125
0.008661
0.004148
-0.001035
-0.005802
-0.010419
-0.011705
-0.010265
-0.009417
-0.010789
-0.021411
-0.02368
-0.015894
-0.017059
-0.015752
-0.001872
0.009706
0.014892
0.02058
0.019053
0.009444
0.002201
0.004919
0.011716
0.011672
0.011592
0.011514
0.012307
0.015944
0.018316
0.018596
0.019099
0.018588
0.014023
0.009446
0.00507
0.000799
-0.002643
-0.000912
0.00171
0.003953
0.004137
0.000693
-0.000847
0.000843
0.002211
0.00046
-0.003486
-0.006886
-0.011562
-0.016512
-0.018366
-0.012621
-0.007541
-0.00317
0.000624
0.000415
-0.006054
-0.004099
0.000408
0.004117
0.0074
0.003627
-0.002776
-0.008279
-0.013839
-0.018925
-0.01778
-0.012262
-0.007935
-0.005016
-0.005451
-0.005462
-0.005585
-0.005615
-0.002852
0.002461
0.003693
0.004948
0.007113
0.00913
0.006984
0.006037
0.00618
0.004957
0.001342
-0.001876
-0.004033
-0.000776
0.002817
0.004663
0.003595
0.002876
0.002073
-0.000163
-0.004356
-0.004806
-0.002535
-0.001299
-0.001545
-0.00182
-0.001589
0.000496
0.002495
0.003858
0.001734
-0.000795
-0.003096
-0.005142
-0.003421
0.000055
0.001394
0.000565
0.000092
0.000003
0.000277
0.000459
0.000661
0.000959
0.001926
0.002951
0.003916
0.005211
0.007403
0.009464
0.011428
0.010544
0.005693
0.001979
0.001975
0.003227
0.004101
0.005063
0.005944
0.006006
0.004225
0.003545
0.006772
0.009994
0.009636
0.004417
0.000867
-0.001542
-0.004035
-0.007783
-0.012156
-0.011285
-0.008974
-0.007425
-0.008071
-0.009169
-0.009293
-0.004737
-0.003219
-0.005592
-0.007227
-0.00965
-0.014913
-0.022063
-0.020822
-0.008792
-0.001444
0.000267
0.003103
0.007115
0.010805
0.012679
0.009777
0.007257
0.004745
0.002754
0.00506
0.008292
0.010439
0.011054
0.011743
0.01238
0.012978
0.010918
0.003738
-0.0026
-0.008888
-0.01222
-0.010125
-0.008719
-0.007211
-0.008182
-0.012541
-0.016154
-0.016304
-0.011381
-0.007835
-0.004401
-0.001025
0.002524
0.005913
0.007483
0.007773
0.008421
0.009423
0.01045
0.011086
0.011304
0.011575
0.011233
0.007926
0.004494
0.002601
0.002364
0.001865
0.001189
-0.001535
-0.003925
-0.001478
0.000836
-0.003751
-0.009324
-0.014171
-0.016254
-0.017107
-0.018221
-0.018485
-0.015641
-0.012757
-0.010007
-0.007253
-0.004355
-0.001545
0.001172
0.003793
0.005635
0.006545
0.009521
0.013318
0.016384
0.015711
0.014142
0.012881
0.011556
0.010315
0.009211
0.008169
0.007146
0.006151
0.005127
0.004112
0.001639
-0.003574
-0.004798
-0.003571
-0.002933
-0.002189
-0.001599
-0.000938
0.00027
0.001114
-0.00018
-0.001492
-0.002353
-0.001489
-0.000586
-0.000427
-0.002103
-0.003618
-0.005106
-0.006646
-0.009151
-0.011814
-0.013342
-0.009849
-0.006027
-0.002467
0.001041
0.004405
0.00591
0.001706
-0.002155
-0.00584
-0.006424
-0.004415
-0.003358
-0.003111
-0.002866
-0.00214
0.001056
0.004363
0.007353
0.008524
0.00893
0.009503
0.009975
0.008489
0.003679
-0.000473
-0.004561
-0.005874
-0.004919
-0.004451
-0.003892
-0.004825
-0.00694
-0.008723
-0.009102
-0.007004
-0.00534
-0.003657
-0.003181
-0.003523
-0.003579
-0.002321
-0.000397
0.001454
0.004281
0.007127
0.009838
0.011264
0.009879
0.00878
0.007678
0.007685
0.008598
0.009282
0.008808
0.005607
0.004008
0.006424
0.008627
0.010777
0.0124
0.010541
0.008167
0.006868
0.005868
0.004841
0.003862
0.002906
0.001132
-0.004948
-0.009485
-0.008238
-0.007281
-0.006293
-0.005537
-0.007882
-0.011582
-0.013258
-0.014234
-0.015202
-0.015001
-0.014557
-0.014188
-0.013798
-0.013423
-0.013049
-0.012255
-0.009797
-0.007437
-0.005798
-0.005675
-0.005426
-0.005215
-0.005
-0.004443
-0.002359
-0.000284
0.001718
0.004435
0.007987
0.011261
0.014224
0.014331
0.013694
0.015867
0.017611
0.017798
0.017467
0.015496
0.013848
0.012169
0.010838
0.010016
0.008701
0.005165
0.001543
-0.00126
-0.002907
-0.004651
-0.006294
-0.00753
-0.006009
-0.00403
-0.002262
-0.000493
0.001147
0.001957
0.002346
0.002671
0.000018
-0.003452
-0.001957
-0.000269
0.000668
-0.001147
-0.002999
-0.003102
-0.00087
0.000925
0.002768
0.004515
0.005139
0.002862
0.000835
-0.0012
-0.003627
-0.006204
-0.008641
-0.010992
-0.010202
-0.004203
0.000824
0.005842
0.005369
-0.002637
-0.007879
-0.006649
-0.004787
-0.004184
-0.006168
-0.007502
-0.006474
-0.005275
-0.004143
-0.002385
-0.000365
-0.000372
-0.001962
-0.003175
-0.00445
-0.005093
-0.00353
-0.00204
-0.000791
-0.000996
-0.001464
-0.001836
-0.002225
-0.00258
-0.001056
0.004691
0.009747
0.011055
0.009638
0.008873
0.008147
0.008356
0.008523
0.008573
0.007178
0.005241
0.003517
0.002192
0.001497
0.000727
0.00001
-0.000681
-0.000857
-0.000529
-0.000306
-0.000061
0.00017
0.000946
0.002772
0.003704
0.002743
0.001922
0.001562
0.002274
0.002868
0.003465
0.004031
0.003767
0.001915
0.000312
-0.000572
0.00023
0.000856
0.001312
0.000327
-0.00089
-0.001989
-0.003082
-0.004103
-0.003392
-0.000254
0.002316
0.00412
0.004874
0.002554
0.000152
-0.002317
-0.00405
-0.004184
-0.004503
-0.004931
-0.007079
-0.009422
-0.008777
-0.006503
-0.00468
-0.002788
-0.000997
0.000749
0.002434
0.003993
0.001938
-0.004361
-0.009662
-0.011808
-0.009207
-0.007442
-0.005519
-0.004351
-0.003965
-0.003461
-0.003035
-0.003093
-0.003445
-0.003713
-0.003857
-0.002649
-0.001163
0.000185
0.001091
-0.000678
-0.002743
-0.003851
-0.001482
0.000953
0.002674
0.001393
-0.000108
-0.000014
0.00337
0.006363
0.008789
0.008693
0.007624
0.005549
0.003705
0.002551
0.004939
0.00741
0.007667
0.006938
0.006357
0.00463
0.002636
0.000789
-0.001022
-0.001683
-0.000475
0.00042
0.001303
0.000881
-0.000281
-0.001249
-0.002672
-0.004287
-0.005793
-0.007266
-0.008446
-0.006598
-0.003594
-0.000992
0.001633
0.004085
0.00397
0.00083
-0.001684
-0.004275
-0.006672
-0.006953
-0.005457
-0.004372
-0.003326
-0.004823
-0.007756
-0.010229
-0.01081
-0.007544
-0.004838
-0.002087
0.000536
0.001902
0.0012
0.000823
0.00037
0.000407
0.002755
0.005154
0.006714
0.007638
0.006808
0.006011
0.005244
0.004757
0.005475
0.006207
0.006688
0.004864
0.002362
0.000137
-0.00187
-0.001403
-0.000202
0.000762
0.00179
0.003244
0.004953
0.006485
0.00609
0.003761
0.002336
0.0043
0.006478
0.003969
0.00065
0.001056
0.00191
0.000817
-0.002752
-0.005814
-0.008889
-0.011679
-0.011422
-0.009375
-0.00781
-0.006152
-0.004697
-0.004908
-0.005935
-0.006634
-0.005561
-0.003398
-0.001569
0.000291
0.002053
0.002505
0.000778
-0.000571
-0.001934
-0.001507
0.000981
0.003029
0.005119
0.006973
0.007962
0.008803
0.009642
0.009607
0.007682
0.005982
0.004331
0.003571
0.003337
0.00299
0.002692
0.002389
0.002099
0.001707
0.000129
-0.00178
-0.003231
-0.002889
-0.002302
-0.00181
-0.001301
-0.000465
0.0013
0.002937
0.002945
-0.000181
-0.002732
-0.003217
-0.002395
-0.0019
-0.001321
-0.000793
-0.000271
0.000359
0.001749
0.003199
0.004568
0.005904
0.007124
0.006147
0.003345
0.001016
-0.001354
-0.00184
0.002422
0.005203
0.005889
0.006174
0.002658
-0.001151
-0.003105
-0.004097
-0.005251
-0.005187
-0.002155
0.000601
0.003301
0.004397
0.002867
0.001773
0.0006
-0.000504
-0.001734
-0.00443
-0.007208
-0.006875
-0.00513
-0.003861
-0.00333
-0.003046
-0.002708
-0.002911
-0.003825
-0.004594
-0.005368
-0.006059
-0.004904
-0.001922
0.00069
0.004266
0.006499
0.007412
0.00768
0.005764
0.004103
0.001592
-0.001682
-0.004686
-0.006533
-0.005328
-0.004347
-0.00335
-0.002389
-0.001514
-0.001504
-0.001913
-0.002206
-0.002523
-0.002816
-0.003102
-0.003395
-0.004428
-0.006193
-0.007577
-0.00673
-0.004991
-0.003537
-0.002047
-0.000397
0.003803
0.00794
0.008779
0.009702
0.010566
0.011395
0.011962
0.011456
0.010924
0.010419
0.009858
0.008429
0.006614
0.005558
0.005008
0.004361
0.003044
0.001264
0.001464
0.001946
0.002325
0.002725
0.003096
0.003458
0.003805
0.004138