0.00012
0.000784
0.002332
0.004194
0.004937
0.00333
-0.000816
-0.006576
-0.012264
-0.016047
-0.016757
-0.014432
-0.010238
-0.005895
-0.00291
-0.001977
-0.002865
-0.00469
-0.00624
-0.006403
-0.004839
-0.00229
-0.000022
0.001019
0.000643
-0.000532
-0.000958
0.001424
0.007425
0.015179
0.021184
0.022776
0.019551
0.013035
0.005427
-0.00157
-0.007264
-0.011843
-0.01591
-0.020028
-0.024357
-0.028206
-0.02979
-0.026926
-0.018644
-0.006636
0.004933
0.011676
0.011506
0.005348
-0.004
-0.013363
-0.019952
-0.021658
-0.017604
-0.008543
0.003564
0.016546
0.028879
0.039825
0.048701
0.054238
0.055142
0.051206
0.043626
0.034328
0.02504
0.016703
0.00943
0.002817
-0.003642
-0.010281
-0.016991
-0.022724
-0.025413
-0.023065
-0.01519
-0.003142
0.010464
0.022376
0.029451
0.029874
0.02402
0.014071
0.002732
-0.007785
-0.015736
-0.019474
-0.017872
-0.01118
-0.001274
0.008894
0.016403
0.019591
0.018622
0.015013
0.010619
0.006763
0.003804
0.001112
-0.002367
-0.00686
-0.010871
-0.011919
-0.008329
-0.000459
0.009298
0.017611
0.0219
0.021537
0.01781
0.01297
0.009083
0.007229
0.007341
0.008619
0.010098
0.010925
0.010282
0.007407
0.001938
-0.005796
-0.014915
-0.02436
-0.032991
-0.03938
-0.041958
-0.039836
-0.03345
-0.024309
-0.013986
-0.003149
0.00829
0.019817
0.029466
0.034843
0.034879
0.030443
0.023621
0.016512
0.010397
0.005535
0.001442
-0.002644
-0.007335
-0.012839
-0.018978
-0.025386
-0.031684
-0.037442
-0.042055
-0.044869
-0.04559
-0.044515
-0.042523
-0.040971
-0.040915
-0.041645
-0.040419
-0.034308
-0.022238
-0.005598
0.012237
0.026997
0.035254
0.036015
0.030895
0.022969
0.015435
0.01072
0.009899
0.012512
0.01685
0.020528
0.021305
0.01802
0.011025
0.001767
-0.008088
-0.017375
-0.025689
-0.033227
-0.040157
-0.045501
-0.046693
-0.04102
-0.027708
-0.008477
0.013589
0.035639
0.055829
0.072626
0.083836
0.087189
0.082032
0.07007
0.054486
0.038382
0.023659
0.010765
-0.000848
-0.012024
-0.023277
-0.034413
-0.044619
-0.053054
-0.059461
-0.064201
-0.06755
-0.068822
-0.066388
-0.058892
-0.046417
-0.030511
-0.01334
0.003119
0.017344
0.02836
0.036083
0.041559
0.046067
0.049508
0.050181
0.046366
0.037808
0.025844
0.012507
-0.0005
-0.012355
-0.023084
-0.033181
-0.043177
-0.053382
-0.063574
-0.072254
-0.076296
-0.072355
-0.059136
-0.038295
-0.013359
0.012135
0.035795
0.055984
0.070713
0.077732
0.076037
0.066905
0.053348
0.038625
0.024965
0.013125
0.002727
-0.00707
-0.016983
-0.027326
-0.03804
-0.048878
-0.059599
-0.070015
-0.079568
-0.086467
-0.087681
-0.080661
-0.065247
-0.043829
-0.019944
0.003167
0.023058
0.038066
0.04761
0.052496
0.054539
0.055698
0.057335
0.05994
0.063164
0.065704
0.065363
0.060003
0.048894
0.033149
0.014995
-0.003393
-0.020702
-0.036648
-0.051566
-0.065377
-0.076224
-0.080396
-0.07458
-0.058381
-0.034626
-0.007626
0.018876
0.042503
0.061495
0.073992
0.078739
0.076265
0.068886
0.059566
0.050651
0.043228
0.03723
0.031982
0.026775
0.021209
0.015242
0.009059
0.00289
-0.003118
-0.009128
-0.016107
-0.025533
-0.037411
-0.048822
-0.055507
-0.054892
-0.047483
-0.036019
-0.023663
-0.012559
-0.002616
0.009339
0.026681
0.047345
0.063467
0.067508
0.057417
0.036809
0.011861
-0.012131
-0.032398
-0.047913
-0.057573
-0.059756
-0.053657
-0.040438
-0.022891
-0.004108
0.013736
0.029839
0.044504
0.05851
0.072312
0.085018
0.093956
0.09602
0.089851
0.076771
0.059864
0.042314
0.02614
0.011872
-0.001023
-0.013429
-0.026028
-0.03888
-0.05093
-0.060008
-0.064015
-0.062395
-0.056427
-0.048325
-0.040069
-0.032727
-0.026432
-0.020764
-0.015202
-0.009415
-0.003338
0.002909
0.009154
0.015278
0.021242
0.027022
0.03231
0.036176
0.03725
0.034575
0.028312
0.019658
0.010155
0.000994
-0.007306
-0.014826
-0.021943
-0.028901
-0.035182
-0.039093
-0.038425
-0.03192
-0.020164
-0.005193
0.010536
0.02472
0.035227
0.040407
0.039844
0.034671
0.026987
0.018848
0.011539
0.005392
0.000075
-0.004965
-0.01015
-0.015513
-0.020371
-0.023226
-0.022482
-0.017503
-0.009155
0.000338
0.008112
0.011981
0.011624
0.008681
0.00567
0.004572
0.00601
0.009384
0.013552
0.017477
0.020396
0.021544
0.020096
0.015596
0.00837
-0.000577
-0.010039
-0.018956
-0.026448
-0.031847
-0.034921
-0.036038
-0.035968
-0.035403
-0.034509
-0.032908
-0.03011
-0.025975
-0.020821
-0.015206
-0.009634
-0.004379
0.000534
0.005228
0.009858
0.014522
0.019243
0.023989
0.028685
0.033053
0.036274
0.037004
0.03413
0.027593
0.018442
0.008225
-0.001644
-0.010089
-0.016366
-0.020206
-0.021958
-0.02243
-0.0225
-0.022788
-0.023565
-0.024899
-0.02683
-0.029313
-0.031917
-0.033603
-0.033092
-0.029637
-0.023484
-0.015708
-0.007765
-0.001053
0.003524
0.005857
0.006518
0.00628
0.005678
0.004903
0.003948
0.002787
0.001453
0.00002
-0.001487
-0.003224
-0.005529
-0.008711
-0.012815
-0.01759
-0.022618
-0.027338
-0.030826
-0.031822
-0.029367
-0.023497
-0.015245
-0.006043
0.002937
0.01114
0.018587
0.025492
0.031587
0.03573
0.03647
0.033139
0.026362
0.017648
0.008577
0.000165
-0.007302
-0.014024
-0.02011
-0.025014
-0.027606
-0.026968
-0.023131
-0.01708
-0.010169
-0.003489
0.002455
0.007701
0.012572
0.01731
0.021612
0.024424
0.024487
0.021233
0.015179
0.007566
-0.000313
-0.007635
-0.014178
-0.020153
-0.025919
-0.031687
-0.03696
-0.039693
-0.036433
-0.024501
-0.004841
0.017189
0.034338
0.041543
0.038294
0.027916
0.015052
0.003307
-0.005815
-0.012649
-0.01839
-0.023955
-0.029118
-0.032503
-0.032621
-0.029011
-0.022551
-0.015048
-0.008673
-0.005292
-0.005749
-0.009566
-0.015363
-0.021591
-0.026923
-0.030188
-0.030376
-0.027052
-0.020704
-0.012523
-0.003826
0.004413
0.011513
0.016669
0.018877
0.017514
0.012961
0.006755
0.001133
-0.001933
-0.001651
0.001329
0.00534
0.008494
0.009528
0.008257
0.00538
0.001896
-0.001451
-0.004405
-0.007095
-0.009688
-0.01192
-0.012866
-0.011401
-0.007005
-0.000125
0.007988
0.015422
0.019893
0.019686
0.014623
0.006065
-0.003964
-0.013762
-0.022489
-0.029984
-0.035877
-0.038876
-0.037312
-0.030457
-0.019176
-0.00543
0.008757
0.021847
0.03227
0.037734
0.035937
0.026197
0.010113
-0.009028
-0.026892
-0.03885
-0.041703
-0.035305
-0.022395
-0.006854
0.008
0.019937
0.027556
0.030327
0.028875
0.024747
0.019717
0.015228
0.01234
0.011842
0.013992
0.018011
0.021965
0.023548
0.021327
0.015413
0.007134
-0.001849
-0.010319
-0.017816
-0.024463
-0.030324
-0.034537
-0.035185
-0.030497
-0.02023
-0.005993
0.009269
0.02206
0.029498
0.030531
0.026265
0.019196
0.012188
0.007701
0.007158
0.01055
0.016654
0.023633
0.029499
0.032514
0.031769
0.027578
0.021201
0.014131
0.007428
0.001422
-0.004174
-0.009678
-0.014448
-0.016504
-0.014004
-0.007431
0.00017
0.00523
0.005818
0.002274
-0.0036
-0.009813
-0.015096
-0.019128
-0.022098
-0.023967
-0.024121
-0.021826
-0.016942
-0.010107
-0.002368
0.005277
0.011825
0.015576
0.014212
0.006736
-0.004771
-0.016135
-0.023814
-0.026666
-0.025827
-0.023495
-0.021776
-0.02193
-0.023765
-0.025507
-0.024791
-0.020155
-0.011783
-0.001103
0.010163
0.020798
0.030286
0.038296
0.044014
0.04625
0.044319
0.03869
0.030776
0.022195
0.014099
0.006957
0.000883
-0.00381
-0.006452
-0.006502
-0.004076
0.00004
0.004762
0.009006
0.011773
0.012328
0.010502
0.006788
0.002073
-0.002788
-0.007275
-0.011269
-0.014951
-0.018641
-0.022639
-0.027092
-0.031949
-0.037029
-0.042034
-0.04628
-0.048427
-0.046894
-0.040866
-0.030896
-0.018568
-0.005644
0.006655
0.017913
0.028267
0.03772
0.045431
0.049812
0.049619
0.044944
0.037192
0.028263
0.01967
0.012104
0.005502
-0.000556
-0.006355
-0.011786
-0.016509
-0.02031
-0.023286
-0.025768
-0.02812
-0.030568
-0.033094
-0.035457
-0.037372
-0.038714
-0.039575
-0.040177
-0.040745
-0.041411
-0.042202
-0.043013
-0.043485
-0.042978
-0.041034
-0.037986
-0.034943
-0.033067
-0.032887
-0.034152
-0.036161
-0.038212
-0.039894
-0.041112
-0.04185
-0.041851
-0.040591
-0.03765
-0.033076
-0.027432
-0.021667
-0.016932
-0.014218
-0.013902
-0.015588
-0.018386
-0.021393
-0.024035
-0.02616
-0.027915
-0.029546
-0.031246
-0.033083
-0.034861
-0.035686
-0.033941
-0.028557
-0.020528
-0.012701
-0.007927
-0.007406
-0.010417
-0.015117
-0.019438
-0.021669
-0.020879
-0.017165
-0.011463
-0.00499
0.001294
0.006947
0.012021
0.016883
0.022021
0.02781
0.034351
0.041455
0.048799
0.055945
0.061994
0.065332
0.064277
0.058232
0.048132
0.03587
0.023322
0.011804
0.002444
-0.003245
-0.003764
0.001287
0.010761
0.02256
0.034666
0.045894
0.056055
0.065603
0.075123
0.084968
0.095172
0.105559
0.115728
0.124647
0.130493
0.13156
0.127497
0.119563
0.109835
0.100162
0.091539
0.084061
0.077279
0.070642
0.063795
0.056658
0.049346
0.042094
0.035329
0.029705
0.025792
0.023681
0.022913
0.022766
0.02261
0.022113
0.021251
0.020178
0.019059
0.01796
0.01685
0.015678
0.014455
0.013271
0.012234
0.011395
0.010728
0.010194
0.009956
0.010619
0.013101
0.018058
0.025393
0.034304
0.043722
0.052757
0.060948
0.068288
0.075064
0.081633
0.088247
0.094889
0.100905
0.104753
0.104557
0.099314
0.089596
0.077175
0.064051
0.051613
0.040344
0.030012
0.020097
0.010186
0.000205
-0.009596
-0.018888
-0.027506
-0.035536
-0.043219
-0.050802
-0.058435
-0.06615
-0.073761
-0.080489
-0.084754
-0.084871
-0.080197
-0.071593
-0.060871
-0.049846
-0.03966
-0.03068
-0.022791
-0.015709
-0.009142
-0.002844
0.003354
0.009538
0.01573
0.021909
0.027987
0.033622
0.038043
0.040308
0.039916
0.037173
0.033001
0.028442
0.024218
0.020582
0.017428
0.014596
0.01223
0.010857
0.01102
0.012832
0.015859
0.019257
0.021966
0.023015
0.021926
0.018932
0.014784
0.010327
0.006147
0.00249
-0.000377
-0.001457
0.000987
0.008031
0.018688
0.03023
0.039793
0.045757
0.048172
0.048291
0.04768
0.047479
0.048082
0.049142
0.049797
0.04912
0.046604
0.042334
0.036789
0.030551
0.024105
0.017751
0.011594
0.00561
-0.000278
-0.006138
-0.011999
-0.017855
-0.023681
-0.029421
-0.034843
-0.039349
-0.042093
-0.042498
-0.040679
-0.03738
-0.033551
-0.029923
-0.026807
-0.024152
-0.021725
-0.019298
-0.016751
-0.01413
-0.011789
-0.010481
-0.011091
-0.014083
-0.019172
-0.025518
-0.032178
-0.038504
-0.044273
-0.049597
-0.054725
-0.059777
-0.0644
-0.067674
-0.068642
-0.06702
-0.06338
-0.058761
-0.054126
-0.05001
-0.046487
-0.043335
-0.040314
-0.037482
-0.03538
-0.034792
-0.036202
-0.039448
-0.043843
-0.048573
-0.053051
-0.056981
-0.059963
-0.060905
-0.058142
-0.050489
-0.038176
-0.02276
-0.00625
0.009794
0.024635
0.037869
0.048322
0.053699
0.051942
0.042965
0.029064
0.013907
0.000871
-0.008305
-0.013843
-0.017226
-0.020134
-0.023676
-0.028073
-0.032582
-0.035616
-0.035437
-0.031167
-0.023296
-0.013296
-0.002795
0.007005
0.015208
0.020758
0.022514
0.019991
0.013836
0.005544
-0.003263
-0.011377
-0.018147
-0.023409
-0.027385
-0.030537
-0.033367
-0.036234
-0.039286
-0.042472
-0.045616
-0.048531
-0.051114
-0.053393
-0.055483
-0.057463
-0.05916
-0.060049
-0.05958
-0.057707
-0.055041
-0.052458
-0.050586
-0.049566
-0.049141
-0.048919
-0.048568
-0.04782
-0.04632
-0.04362
-0.039441
-0.033905
-0.027496
-0.020806
-0.014281
-0.008128
-0.002484
0.002212
0.005125
0.005513
0.003325
-0.000726
-0.00558
-0.010338
-0.014545
-0.01819
-0.021512
-0.024781
-0.028163
-0.031644
-0.034882
-0.03704
-0.036988
-0.033975
-0.028153
-0.020588
-0.013032
-0.007576
-0.005883
-0.008377
-0.014121
-0.021456
-0.028857
-0.035464
-0.041149
-0.046245
-0.051195
-0.056297
-0.06163
-0.067112
-0.072603
-0.077999
-0.083262
-0.088409
-0.093426
-0.097971
-0.101043
-0.101187
-0.097393
-0.089837
-0.079779
-0.068919
-0.058959
-0.051506
-0.047793
-0.048136
-0.051728
-0.057078
-0.062728
-0.067777
-0.071998
-0.075546
-0.078246
-0.078861
-0.075313
-0.066048
-0.051228
-0.032657
-0.012729
0.00667
0.024696
0.041448
0.057281
0.071653
0.08261
0.08794
0.086946
0.080974
0.072528
0.063957
0.0566
0.050664
0.04577
0.041958
0.040338
0.042511
0.049279
0.059992
0.072957
0.086366
0.09884
0.109054
0.11518
0.115422
0.109281
0.098065
0.084185
0.06997
0.056833
0.04503
0.033827
0.021901
0.008041
-0.008201
-0.026359
-0.045444
-0.064496
-0.082948
-0.100517
-0.116394
-0.128466
-0.133974
-0.13138
-0.121568
-0.107329
-0.091848
-0.077365
-0.064687
-0.053473
-0.042895
-0.03223
-0.021148
-0.009696
0.001886
0.013356
0.024583
0.035562
0.046363
0.057065
0.067719
0.078335
0.088894
0.099238
0.108653
0.115629
0.118525
0.116705
0.111002
0.103185
0.095036
0.087662
0.081337
0.075751
0.070408
0.064932
0.059193
0.053258
0.047278
0.041383
0.035608
0.029823
0.023705
0.016863
0.009087
0.000485
-0.008593
-0.017753
-0.026721
-0.035402
-0.043843
-0.05215
-0.06041
-0.068664
-0.076682
-0.083323
-0.086315
-0.083445
-0.074183
-0.060054
-0.043651
-0.027317
-0.012328
0.001175
0.013748
0.026089
0.038652
0.051493
0.064005
0.074415
0.079961
0.078422
0.069689
0.055842
0.039886
0.024319
0.010354
-0.002023
-0.01351
-0.024868
-0.036544
-0.048602
-0.06075
-0.072077
-0.08061
-0.083735
-0.07973
-0.069007
-0.05387
-0.037217
-0.021255
-0.006963
0.005698
0.017246
0.028236
0.039053
0.049871
0.060628
0.070815
0.0793
0.084725
0.086376
0.084693
0.080985
0.076752
0.073281
0.071819
0.073689
0.079762
0.089832
0.10274
0.117002
0.13099
0.142386
0.148148
0.145961
0.135834
0.120124
0.102149
0.084348
0.066552
0.045742
0.018836
-0.013564
-0.046727
-0.075093
-0.095763
-0.10915
-0.116545
-0.117429
-0.109695
-0.092333
-0.067822
-0.04248
-0.024119
-0.018084
-0.024693
-0.039937
-0.058297
-0.075454
-0.0895
-0.100288
-0.107643
-0.110294
-0.106761
-0.096915
-0.082401
-0.065762
-0.049237
-0.034021
-0.020283
-0.00777
0.003598
0.013677
0.022426
0.030114
0.037299
0.044688
0.052925
0.062329
0.072773
0.083817
0.094962
0.10577
0.115514
0.122611
0.12485
0.120731
0.110607
0.096512
0.081026
0.066125
0.052663
0.040579
0.02951
0.019287
0.00996
0.001543
-0.006132
-0.013374
-0.020448
-0.027211
-0.032594
-0.03468
-0.031825
-0.023865
-0.012222
0.000952
0.013704
0.024725
0.033417
0.039869
0.044703
0.048758
0.052739
0.056898
0.0605
0.061298
0.056117
0.042784
0.021658
-0.004618
-0.032387
-0.057537
-0.075381
-0.081692
-0.07492
-0.057271
-0.033465
-0.008309
0.01517
0.036196
0.055537
0.074419
0.093721
0.113695
0.133884
0.152749
0.167531
0.175439
0.175481
0.169121
0.159333
0.149055
0.140077
0.132809
0.126713
0.120963
0.114953
0.108479
0.101662
0.094755
0.087974
0.081441
0.075204
0.069262
0.063574
0.058064
0.052651
0.047273
0.041894
0.036502
0.031097
0.025694
0.020311
0.014967
0.0096
0.003856
-0.002988
-0.011643
-0.022243
-0.034063
-0.045614
-0.055211
-0.061802
-0.06546
-0.06718
-0.068228
-0.069555
-0.07154
-0.074061
-0.076613
-0.078288
-0.077929
-0.0747
-0.068642
-0.060634
-0.05188
-0.043343
-0.035473
-0.028237
-0.021351
-0.014519
-0.007572
-0.000496
0.006633
0.013718
0.020697
0.027557
0.034319
0.040927
0.046916
0.051137
0.052155
0.049188
0.042677
0.034014
0.024771
0.01607
0.008412
0.001886
-0.003588
-0.00819
-0.012183
-0.015862
-0.019471
-0.023144
-0.026905
-0.030712
-0.034511
-0.03832
-0.042323
-0.046862
-0.05223
-0.058416
-0.064919
-0.070768
-0.074909
-0.076783
-0.076619
-0.075221
-0.073525
-0.072326
-0.072201
-0.073417
-0.075706
-0.078055
-0.078923
-0.077044
-0.072164
-0.065072
-0.057033
-0.049139
-0.041939
-0.035443
-0.029355
-0.023343
-0.017205
-0.010636
-0.002345
0.010161
0.028538
0.051269
0.074037
0.091856
0.100882
0.099742
0.090034
0.07535
0.059453
0.044845
0.032319
0.021557
0.012418
0.00578
0.002959
0.00444
0.009379
0.016111
0.023017
0.029137
0.034142
0.037645
0.038578
0.035593
0.028138
0.016978
0.003777
-0.009764
-0.022559
-0.034312
-0.045295
-0.055975
-0.066715
-0.077652
-0.08873
-0.099808
-0.110528
-0.119609
-0.124411
-0.122082
-0.111532
-0.094234
-0.073301
-0.051853
-0.03183
-0.013707
0.003061
0.019346
0.035801
0.052657
0.069795
0.08667
0.10166
0.111852
0.114504
0.109033
0.09742
0.08295
0.068559
0.055826
0.044905
0.035085
0.025491
0.015561
0.005165
-0.005513
-0.0162
-0.026693
-0.036925
-0.046941
-0.056825
-0.066649
-0.076444
-0.086203
-0.0959
-0.10523
-0.112793
-0.115781
-0.111451
-0.099147
-0.080771
-0.059559
-0.038435
-0.018995
-0.001414
0.015001
0.031117
0.047504
0.064296
0.081319
0.098207
0.113926
0.125631
0.128725
0.119423
0.097547
0.066719
0.032193
-0.001642
-0.032635
-0.06079
-0.087316
-0.113013
-0.136023
-0.151108
-0.152699
-0.139104
-0.113651
-0.082435
-0.051115
-0.022876
0.00184
0.024318
0.046229
0.068647
0.091561
0.113925
0.134229
0.150789
0.161079
0.161587
0.149742
0.126133
0.094515
0.059917
0.026876
-0.001153
-0.021968
-0.035118
-0.042103
-0.045629
-0.048357
-0.051967
-0.056932
-0.062849
-0.068972
-0.074608
-0.079337
-0.083094
-0.086115
-0.088773
-0.091396
-0.094157
-0.097073
-0.100028
-0.10256
-0.103378
-0.100413
-0.091967
-0.07796
-0.060005
-0.040441
-0.021338
-0.004406
0.008323
0.01449
0.012694
0.003663
-0.010019
-0.025129
-0.03862
-0.04779
-0.050668
-0.046835
-0.037695
-0.025736
-0.013347
-0.002126
0.006862
0.012478
0.013671
0.01026
0.003261
-0.005596
-0.014675
-0.022998
-0.030353
-0.037044
-0.043522
-0.050116
-0.056934
-0.063906
-0.070894
-0.077783
-0.084527
-0.091011
-0.09662
-0.099966
-0.099508
-0.094635
-0.086118
-0.075619
-0.06482
-0.054772
-0.045739
-0.037433
-0.029385
-0.021241
-0.012875
-0.004471
0.00322
0.008844
0.011142
0.009834
0.005794
0.000501
-0.004546
-0.008007
-0.008744
-0.006182
-0.000652
0.006767
0.014804
0.022522
0.029541
0.03577
0.040625
0.042595
0.040061
0.032594
0.021323
0.008229
-0.004868
-0.016948
-0.027874
-0.038059
-0.048039
-0.058175
-0.06856
-0.07904
-0.088991
-0.096756
-0.099738
-0.095828
-0.084941
-0.069098
-0.051217
-0.033722
-0.017798
-0.003433
0.010047
0.023325
0.036545
0.049144
0.060255
0.069372
0.07668
0.082875
0.08858
0.093514
0.096191
0.094878
0.088968
0.079401
0.068012
0.056548
0.046017
0.036585
0.027873
0.019368
0.010715
0.001813
-0.007246
-0.016303
-0.025233
-0.033989
-0.042591
-0.051087
-0.059459
-0.067325
-0.073591
-0.076694
-0.075549
-0.070442
-0.063198
-0.056575
-0.053026
-0.053566
-0.057541
-0.063326
-0.069296
-0.074478
-0.078677
-0.082112
-0.084625
-0.085055
-0.081654
-0.073343
-0.060558
-0.044984
-0.028611
-0.012876
0.001716
0.015606
0.029984
0.046279
0.065372
0.086861
0.108416
0.125906
0.135262
0.135068
0.127635
0.117723
0.109923
0.106574
0.107398
0.110532
0.113894
0.115836
0.114821
0.109141
0.09764
0.080656
0.060013
0.038105
0.01686
-0.002828
-0.021051
-0.038435
-0.055639
-0.07305
-0.090614
-0.107487
-0.121606
-0.130191
-0.131388
-0.125583
-0.115146
-0.103079
-0.091672
-0.081893
-0.073561
-0.065935
-0.058298
-0.050274
-0.041943
-0.033977
-0.027708
-0.024638
-0.025523
-0.029879
-0.036305
-0.043254
-0.04967
-0.055199
-0.060037
-0.064591
-0.069207
-0.073843
-0.077514
-0.07818
-0.073841
-0.063985
-0.049909
-0.033862
-0.017885
-0.003069
0.010576
0.023788
0.037451
0.052071
0.067606
0.083634
0.099492
0.113986
0.125274
0.131726
0.133071
0.130605
0.126382
0.122209
0.119034
0.116933
0.115435
0.11388
0.111638
0.108281
0.103733
0.098274
0.092377
0.086471
0.080793
0.075324
0.069833
0.064019
0.057703
0.050918
0.043858
0.036757
0.029782
0.022991
0.016358
0.009818
0.003319
-0.003166
-0.009632
-0.016062
-0.022474
-0.029052
-0.036212
-0.044419
-0.053855
-0.064297
-0.075254
-0.08589
-0.094197
-0.096669
-0.09003
-0.073609
-0.049826
-0.022671
0.004301
0.02918
0.051786
0.072699
0.091513
0.105743
0.112078
0.108943
0.09774
0.081949
0.065238
0.049996
0.036907
0.025407
0.014487
0.003348
-0.008281
-0.01993
-0.03011
-0.036567
-0.037516
-0.032865
-0.024236
-0.013973
-0.004076
0.004113
0.009517
0.011117
0.008429
0.002003
-0.006751
-0.016231
-0.025285
-0.033459
-0.040883
-0.047946
-0.055008
-0.062248
-0.069653
-0.077113
-0.084509
-0.091688
-0.098101
-0.102304
-0.102244
-0.096502
-0.085359
-0.070634
-0.054657
-0.039219
-0.025093
-0.012153
0.000143
0.012079
0.02304
0.031508
0.03605
0.036401
0.03364
0.029538
0.02575
0.023283
0.022335
0.022443
0.02271
0.022106
0.019894
0.015973
0.010836
0.005217
-0.000275
-0.005351
-0.010024
-0.01447
-0.018876
-0.023351
-0.027907
-0.032495
-0.037031
-0.041255
-0.044425
-0.045329
-0.042964
-0.03728
-0.029227
-0.020195
-0.011341
-0.003236
0.00412
0.011047
0.017896
0.024876
0.03202
0.039242
0.046377
0.053047
0.058523
0.061948
0.062883
0.061633
0.059063
0.056134
0.053511
0.05146
0.050091
0.04968
0.050669
0.053314
0.057429
0.06245
0.067731
0.072806
0.0775
0.081818
0.085573
0.087961
0.087699
0.083847
0.076535
0.066896
0.056415
0.046256
0.036932
0.028377
0.02023
0.012161
0.004262
-0.002513
-0.006455
-0.006104
-0.00138
0.006029
0.013187
0.017186
0.016519
0.011597
0.004149
-0.003875
-0.011161
-0.017303
-0.02258
-0.02753
-0.032591
-0.037906
-0.043109
-0.046991
-0.047655
-0.043571
-0.034648
-0.022286
-0.008518
0.004962
0.017332
0.028601
0.039241
0.04958
0.058986
0.065606
0.067459
0.063933
0.056193
0.046395
0.036543
0.027768
0.020231
0.013477
0.006916
0.000147
-0.006937
-0.014221
-0.021523
-0.0287
-0.035701
-0.042303
-0.047335
-0.048365
-0.042983
-0.030599
-0.012874
0.00735
0.027495
0.046149
0.06315
0.078799
0.092341
0.101209
0.102517
0.095386
0.081652
0.06467
0.04758
0.032163
0.018688
0.006462
-0.00544
-0.017643
-0.030287
-0.042986
-0.054875
-0.064908
-0.072437
-0.077607
-0.081225
-0.08429
-0.087544
-0.091289
-0.095447
-0.099767
-0.104013
-0.108069
-0.111938
-0.115428
-0.117241
-0.114441
-0.103773
-0.083943
-0.056559
-0.025106
0.006787
0.036384
0.06206
0.083369
0.10104
0.116454
0.130555
0.142815
0.151395
0.154626
0.152408
0.146311
0.138612
0.1312
0.124985
0.119941
0.11553
0.111171
0.106525
0.101546
0.096382
0.091219
0.086182
0.081303
0.076543
0.071842
0.067156
0.062411
0.057333
0.051366
0.043965
0.035002
0.024862
0.014199
0.003604
-0.0066
-0.016376
-0.025864
-0.035241
-0.044493
-0.052926
-0.058793
-0.059922
-0.055127
-0.045063
-0.031797
-0.017677
-0.004342
0.007631
0.018508
0.028902
0.039346
0.050076
0.061056
0.071882
0.081272
0.086898
0.08657
0.079812
0.06819
0.054316
0.040521
0.028064
0.017067
0.006966
-0.0029
-0.012801
-0.022452
-0.031285
-0.038914
-0.045393
-0.051122
-0.056596
-0.062168
-0.067966
-0.073935
-0.07994
-0.085866
-0.091659
-0.097327
-0.10291
-0.108335
-0.113042
-0.115776
-0.115151
-0.110614
-0.102848
-0.093329
-0.08354
-0.074383
-0.066025
-0.058145
-0.050312
-0.042255
-0.033937
-0.025482
-0.017053
-0.008762
-0.000747
0.006468
0.011736
0.013787
0.012125
0.007401
0.001006
-0.005657
-0.011709
-0.01693
-0.021563
-0.025998
-0.03053
-0.035236
-0.039802
-0.043241
-0.043998
-0.040816
-0.033625
-0.023584
-0.012378
-0.001405
0.008651
0.017798
0.026185
0.033042
0.036204
0.033336
0.023917
0.010307
-0.002754
-0.010235
-0.009365
-0.000743
0.012599
0.02714
0.040439
0.051683
0.061328
0.070333
0.079504
0.089185
0.099299
0.1094
0.118371
0.124243
0.12502
0.120001
0.11028
0.09806
0.08551
0.073959
0.063711
0.054371
0.04533
0.036139
0.026646
0.016939
0.007206
-0.0024
-0.01181
-0.021043
-0.030153
-0.039195
-0.048187
-0.057061
-0.065565
-0.073288
-0.079893
-0.085358
-0.089991
-0.094243
-0.098493
-0.102926
-0.107542
-0.112237
-0.116898
-0.121454
-0.125897
-0.130254
-0.134561
-0.138843
-0.14297
-0.146241
-0.147246
-0.144602
-0.137976
-0.128314
-0.117233
-0.106197
-0.096003
-0.086741
-0.078064
-0.069536
-0.06082
-0.051546
-0.041085
-0.028686
-0.013971
0.002747
0.020624
0.038533
0.054809
0.067023
0.072869
0.071645
0.06477
0.054928
0.044715
0.035688
0.02818
0.021703
0.015526
0.009122
0.002319
-0.004558
-0.010236
-0.012407
-0.008918
0.000711
0.014979
0.031325
0.047041
0.059361
0.065566
0.064026
0.055271
0.041747
0.026507
0.011889
-0.001094
-0.012592
-0.023335
-0.034043
-0.0451
-0.05652
-0.068098
-0.079558
-0.090374
-0.099256
-0.104143
-0.103343
-0.096796
-0.086157
-0.073813
-0.061756
-0.05096
-0.041422
-0.032593
-0.023869
-0.01501
-0.006588
-0.000098
0.002789
0.001364
-0.003667
-0.010601
-0.017392
-0.022207
-0.024009
-0.022899
-0.019873
-0.01619
-0.012799
-0.010087
-0.007961
-0.006107
-0.004181
-0.001779
0.001694
0.006893
0.01412
0.022947
0.031964
0.039004
0.042182
0.040995
0.03647
0.030396
0.024379
0.019278
0.015162
0.011641
0.008287
0.004906
0.001563
-0.001591
-0.004466
-0.007088
-0.009561
-0.011906
-0.01373
-0.014043
-0.011727
-0.006317
0.001661
0.011036
0.020615
0.029647
0.03794
0.045696
0.053249
0.060814
0.068154
0.074129
0.076805
0.074568
0.067278
0.056361
0.043927
0.031749
0.020703
0.010793
0.001533
-0.007618
-0.016981
-0.026605
-0.036361
-0.045997
-0.054886
-0.061617
-0.064259
-0.061517
-0.053689
-0.042503
-0.030147
-0.018291
-0.007647
0.001912
0.010923
0.019773
0.028059
0.03442
0.037364
0.036399
0.032343
0.026755
0.021101
0.016215
0.012221
0.008862
0.0061
0.004574
0.005359
0.00916
0.015748
0.023935
0.031651
0.036301
0.035875
0.030081
0.020376
0.009
-0.002145
-0.012103
-0.02086
-0.028796
-0.035799
-0.040723
-0.041991
-0.038826
-0.031864
-0.022731
-0.013162
-0.004291
0.003549
0.01062
0.017397
0.02426
0.031358
0.03864
0.045963
0.053199
0.060286
0.067169
0.073505
0.078292
0.080068
0.07781
0.071701
0.063025
0.053436
0.044208
0.035897
0.028416
0.02136
0.014344
0.00723
0.000155
-0.006625
-0.012944
-0.018823
-0.024415
-0.029902
-0.03541
-0.040874
-0.045748
-0.048932
-0.049358
-0.046761
-0.041853
-0.035858
-0.029881
-0.024525
-0.019856
-0.015567
-0.011083
-0.005605
0.001644
0.010988
0.022095
0.034184
0.046434
0.058272
0.069359
0.079389
0.08806
0.095266
0.101235
0.106423
0.111293
0.116144
0.121029
0.1256
0.129011
0.130247
0.128771
0.124893
0.119565
0.113855
0.108502
0.10376
0.099505
0.095455
0.091371
0.087146
0.0828
0.078414
0.07407
0.069809
0.065608
0.061221
0.055886
0.048354
0.037594
0.023546
0.007172
-0.010125
-0.027172
-0.043393
-0.058788
-0.073681
-0.088282
-0.102039
-0.11333
-0.120256
-0.121997
-0.119382
-0.114336
-0.108839
-0.104149
-0.100589
-0.097785
-0.095092
-0.091984
-0.088265
-0.084057
-0.079637
-0.075263
-0.071122
-0.067483
-0.06485
-0.063766
-0.064426
-0.066507
-0.069357
-0.072324
-0.075006
-0.077303
-0.079228
-0.080392
-0.079584
-0.075185
-0.066271
-0.05331
-0.037878
-0.021835
-0.006733
0.006328
0.016751
0.024583
0.030486
0.035416
0.040213
0.045283
0.05037
0.054591
0.056939
0.056953
0.054982
0.051904
0.048631
0.045743
0.043391
0.041419
0.039571
0.037666
0.035773
0.034395
0.034394
0.036491
0.040761
0.04659
0.053067
0.059421
0.065272
0.070477
0.074537
0.076255
0.074368
0.06856
0.05978
0.049851
0.040886
0.034643
0.031885
0.032158
0.034202
0.036666
0.038654
0.039886
0.040474
0.040515
0.039859
0.038255
0.035641
0.032242
0.028413
0.02441
0.020302
0.016046
0.011604
0.007006
0.002334
-0.002323
-0.006906
-0.011413
-0.01598
-0.021036
-0.027277
-0.035274
-0.045059
-0.056104
-0.067636
-0.079011
-0.089879
-0.099955
-0.108457
-0.113977
-0.115292
-0.112333
-0.106293
-0.098932
-0.091733
-0.085439
-0.080065
-0.075173
-0.070123
-0.064254
-0.057139
-0.048792
-0.039672
-0.030674
-0.023166
-0.018676
-0.018097
-0.021127
-0.026469
-0.03256
-0.038252
-0.04303
-0.046638
-0.048442
-0.047341
-0.042511
-0.034131
-0.023366
-0.011729
-0.000408
0.010063
0.019742
0.028963
0.037822
0.045624
0.050883
0.052249
0.04952
0.043783
0.036723
0.029795
0.023742
0.018593
0.014063
0.01019
0.007669
0.007398
0.009706
0.014079
0.019504
0.025001
0.029998
0.034388
0.038375
0.042186
0.045718
0.048379
0.049404
0.048423
0.045727
0.042056
0.038195
0.034655
0.031578
0.028842
0.026231
0.023578
0.02085
0.018161
0.015703
0.01362
0.011924
0.010502
0.009192
0.007866
0.006468
0.005003
0.003512
0.002035
0.000594
-0.00081
-0.002188
-0.003553
-0.004915
-0.006278
-0.007644
-0.009011
-0.010373
-0.011727
-0.013068
-0.01435
-0.015326
-0.015465
-0.014188
-0.011267
-0.006994
-0.001993
0.003107
0.007915
0.012333
0.016424
0.020104
0.022888
0.024061
0.023185
0.020449
0.016549
0.012304
0.008267
0.004466
0.000408
-0.004574
-0.010848
-0.018276
-0.026359
-0.034544
-0.042464
-0.050005
-0.057252
-0.064283
-0.07074
-0.075362
-0.076268
-0.07213
-0.063146
-0.050925
-0.037551
-0.02464
-0.012898
-0.002218
0.00791
0.017992
0.028297
0.038835
0.049465
0.059918
0.069514
0.076864
0.080307
0.078981
0.073456
0.065398
0.056664
0.048541
0.041474
0.035246
0.029398
0.023766
0.019007
0.016561
0.017745
0.022775
0.030636
0.039733
0.048686
0.056755
0.063613
0.068629
0.070565
0.068294
0.061776
0.052196
0.041303
0.030579
0.020776
0.01192
0.003621
-0.004568
-0.012919
-0.02148
-0.030149
-0.038784
-0.047286
-0.055628
-0.063834
-0.07195
-0.080011
-0.088032
-0.096008
-0.103924
-0.111656
-0.118467
-0.122382
-0.120592
-0.111165
-0.094469
-0.07296
-0.049779
-0.027436
-0.007554
0.008455
0.019111
0.023619
0.022673
0.018249
0.012647
0.007557
0.003662
0.000798
-0.001594
-0.003962
-0.006201
-0.007553
-0.007124
-0.004562
-0.000275
0.004886
0.010095
0.01482
0.01873
0.02151
0.022917
0.023006
0.022159
0.020904
0.019679
0.018705
0.01799
0.017421
0.016869
0.016233
0.01536
0.013903
0.01137
0.007419
0.00213
-0.004038
-0.010501
-0.016809
-0.022747
-0.028167
-0.032611
-0.035213
-0.03521
-0.032549
-0.02797
-0.022614
-0.017728
-0.014637
-0.014576
-0.018139
-0.024888
-0.033584
-0.042835
-0.051655
-0.059681
-0.067051
-0.074116
-0.080959
-0.086582
-0.088659
-0.084826
-0.074435
-0.058987
-0.041139
-0.023327
-0.006898
0.007979
0.021871
0.035499
0.049343
0.063471
0.077293
0.089088
0.096183
0.096432
0.089732
0.07809
0.064404
0.051079
0.039287
0.029008
0.019573
0.010247
0.000599
-0.009432
-0.019664
-0.029861
-0.039866
-0.049638
-0.059224
-0.068699
-0.078121
-0.08739
-0.095725
-0.101014
-0.100263
-0.091419
-0.074868
-0.053214
-0.029784
-0.00714
0.01359
0.032324
0.048992
0.062913
0.073273
0.080004
0.084024
0.086752
0.089439
0.092756
0.096767
0.101171
0.105599
0.109776
0.113457
0.116258
0.11773
0.117651
0.116229
0.113997
0.111544
0.109254
0.107152
0.104895
0.101989
0.098119
0.093333
0.087975
0.082464
0.077106
0.072018
0.067156
0.06241
0.057681
0.05292
0.048134
0.043343
0.038529
0.033599
0.028431
0.022968
0.017261
0.011434
0.005617
-0.000104
-0.005706
-0.011209
-0.01665
-0.022057
-0.027441
-0.032768
-0.037872
-0.042431
-0.046135
-0.04891
-0.050971
-0.052682
-0.05437
-0.056212
-0.058228
-0.060339
-0.062449
-0.064495
-0.066461
-0.068369
-0.070276
-0.072279
-0.074518
-0.077097
-0.080013
-0.083158
-0.08638
-0.089557
-0.09263
-0.095603
-0.09851
-0.10139
-0.104263
-0.107085
-0.109533
-0.11075
-0.109526
-0.10503
-0.097421
-0.087753
-0.077373
-0.067317
-0.058029
-0.049433
-0.0412
-0.033004
-0.024775
-0.017022
-0.010949
-0.007882
-0.008359
-0.011782
-0.016817
-0.022114
-0.026827
-0.030745
-0.034103
-0.037279
-0.040559
-0.044044
-0.047683
-0.051361
-0.054979
-0.058494
-0.061875
-0.064905
-0.066932
-0.067001
-0.064445
-0.059378
-0.05264
-0.045311
-0.038227
-0.031749
-0.025821
-0.020181
-0.014566
-0.008838
-0.002992
0.002858
0.008362
0.012752
0.015001
0.014429
0.011196
0.00621
0.000701
-0.003961
-0.006232
-0.004722
0.001075
0.010428
0.021775
0.033513
0.044534
0.054167
0.061769
0.066681
0.068658
0.068174
0.066275
0.06421
0.063091
0.063534
0.065246
0.06683
0.066309
0.062231
0.054494
0.04423
0.033034
0.022181
0.012244
0.003156
-0.005479
-0.014062
-0.022812
-0.031655
-0.039992
-0.046528
-0.049742
-0.04884
-0.044306
-0.037582
-0.030282
-0.02352
-0.017713
-0.012903
-0.009305
-0.007462
-0.007841
-0.010354
-0.014335
-0.018891
-0.023306
-0.027245
-0.030728
-0.033963
-0.037168
-0.04047
-0.043881
-0.047302
-0.050385
-0.052335
-0.052076
-0.048891
-0.042939
-0.035169
-0.026776
-0.018673
-0.011247
-0.004427
0.002082
0.00849
0.014552
0.019418
0.022074
0.02206
0.019788
0.01625
0.012478
0.009131
0.006453
0.004619
0.00409
0.005461
0.008969
0.01424
0.020484
0.026892
0.032948
0.038511
0.043708
0.048759
0.053837
0.059008
0.064245
0.069482
0.074671
0.079851
0.085178
0.090864
0.097021
0.103505
0.109818
0.115218
0.119115
0.121425
0.122579
0.123229
0.123926
0.124939
0.126264
0.127654
0.128445
0.12747
0.123543
0.11625
0.10623
0.094779
0.083169
0.072181
0.061992
0.052368
0.042954
0.033483
0.023868
0.014161
0.004421
-0.005505
-0.016071
-0.027772
-0.040678
-0.053976
-0.065733
-0.073468
-0.075536
-0.072203
-0.065575
-0.058591
-0.053689
-0.051878
-0.052686
-0.054832
-0.057054
-0.058625
-0.059433
-0.059768
-0.059967
-0.060019
-0.059267
-0.056602
-0.051192
-0.04308
-0.033136
-0.022582
-0.012668
-0.004682
0.000185
0.001364
-0.000696
-0.004751
-0.009405
-0.013669
-0.01718
-0.020069
-0.02267
-0.025233
-0.027799
-0.030265
-0.032523
-0.03455
-0.036406
-0.038188
-0.039973
-0.041796
-0.043653
-0.045516
-0.04736
-0.049172
-0.050942
-0.052581
-0.053787
-0.054043
-0.052913
-0.050368
-0.046809
-0.042827
-0.038918
-0.035327
-0.032057
-0.028971
-0.02592
-0.022813
-0.019635
-0.016417
-0.013196
-0.009989
-0.006796
-0.003614
-0.000441
0.002717
0.005855
0.008965
0.012046
0.015098
0.018122
0.021139
0.024237
0.027593
0.031382
0.035643
0.040258
0.045022
0.049751
0.054325
0.058637
0.062537
0.06589
0.068686
0.071064
0.073226
0.075252
0.076888
0.077557
0.076725
0.074305
0.070716
0.066616
0.062573
0.05888
0.05555
0.052368
0.048804
0.043986
0.037054
0.027718
0.016453
0.004201
-0.008119
-0.01995
-0.03117
-0.04195
-0.052438
-0.06211
-0.069102
-0.070628
-0.064721
-0.051673
-0.033852
-0.014332
0.004502
0.021614
0.037161
0.051894
0.066559
0.081335
0.095097
0.105171
0.108619
0.104235
0.093347
0.078906
0.063908
0.050226
0.038329
0.027696
0.017489
0.007074
-0.003773
-0.014939
-0.026026
-0.036104
-0.043639
-0.047242
-0.046649
-0.042906
-0.037709
-0.032556
-0.028244
-0.02484
-0.021975
-0.0192
-0.016232
-0.013008
-0.009623
-0.00622
-0.0029
0.000247
0.00295
0.004616
0.004585
0.002599
-0.000996
-0.005466
-0.01007
-0.014343
-0.01817
-0.021676
-0.025068
-0.028502
-0.032034
-0.035656
-0.039402
-0.04341
-0.047848
-0.052766
-0.058051
-0.063499
-0.068917
-0.074196
-0.079321
-0.084342
-0.089339
-0.094373
-0.099465
-0.104594
-0.109544
-0.11342
-0.114471
-0.111004
-0.102619
-0.090497
-0.076643
-0.062911
-0.05045
-0.039647
-0.030352
-0.022289
-0.015467
-0.010201
-0.00672
-0.004832
-0.003967
-0.003447
-0.00276
-0.001668
-0.00018
0.001542
0.003218
0.00438
0.004411
0.002851
-0.000288
-0.004523
-0.009188
-0.013742
-0.01793
-0.021763
-0.025398
-0.029
-0.032665
-0.036402
-0.04017
-0.043915
-0.047603
-0.051069
-0.053513
-0.053195
-0.048208
-0.037806
-0.022948
-0.005693
0.011886
0.028407
0.043096
0.055329
0.064607
0.070948
0.075044
0.077974
0.080725
0.083873
0.087556
0.091729
0.096461
0.101981
0.108455
0.115798
0.123683
0.131714
0.139594
0.147202
0.154565
0.16178
0.16894
0.175862
0.181385
0.183139
0.178798
0.167789
0.151693
0.133217
0.114813
0.097822
0.08235
0.067606
0.052431
0.035926
0.017877
-0.001281
-0.020823
-0.040133
-0.058908
-0.076907
-0.093018
-0.104637
-0.108822
-0.104391
-0.092829
-0.077357
-0.061243
-0.046537
-0.033782
-0.022519
-0.012068
-0.00202
0.007724
0.017131
0.026202
0.035006
0.043534
0.05126
0.056885
0.058939
0.056818
0.05123
0.043823
0.036598
0.031391
0.029277
0.030155
0.032842
0.03556
0.036636
0.035184
0.031373
0.02612
0.020497
0.01525
0.01063
0.006504
0.002583
-0.001377
-0.005482
-0.00971
-0.013975
-0.018174
-0.022152
-0.025637
-0.028322
-0.030052
-0.03095
-0.031344
-0.031593
-0.031947
-0.03249
-0.033171
-0.033839
-0.034228
-0.033986
-0.032859
-0.030857
-0.02825
-0.025411
-0.022646
-0.02018
-0.018278
-0.017315
-0.017582
-0.019053
-0.021365
-0.024021
-0.02661
-0.02893
-0.030968
-0.032808
-0.034551
-0.036267
-0.037987
-0.039715
-0.041439
-0.043144
-0.044825
-0.046355
-0.047101
-0.045784
-0.041147
-0.032888
-0.021873
-0.009579
0.002654
0.014096
0.024667
0.034681
0.044537
0.054494
0.064529
0.074001
0.081268
0.084076
0.080911
0.072071
0.059479
0.045582
0.032249
0.020275
0.009518
-0.000625
-0.010741
-0.021137
-0.031817
-0.042593
-0.053161
-0.063137
-0.072176
-0.080146
-0.087213
-0.09374
-0.100102
-0.106541
-0.113124
-0.119797
-0.12646
-0.133033
-0.139485
-0.145556
-0.149914
-0.149834
-0.142635
-0.127664
-0.106771
-0.083116
-0.059576
-0.037837
-0.018483
-0.001518
0.013341
0.026615
0.038928
0.050646
0.061517
0.070762
0.077695
0.082295
0.085236
0.087374
0.088927
0.088921
0.08567
0.078044
0.066328
0.052005
0.036894
0.022338
0.008871
-0.003629
-0.015552
-0.027229
-0.038817
-0.050336
-0.061748
-0.072979
-0.083819
-0.093839
-0.102575
-0.109856
-0.115932
-0.121325
-0.126556
-0.131948
-0.137581
-0.143364
-0.149069
-0.154034
-0.156729
-0.155052
-0.147587
-0.134645
-0.118099
-0.100315
-0.083111
-0.067288
-0.052792
-0.039155
-0.025892
-0.012688
0.000562
0.013758
0.026377
0.037169
0.04443
0.047017
0.045178
0.040404
0.034583
0.029159
0.024745
0.021228
0.018144
0.015041
0.011726
0.008429
0.005839
0.004794
0.005756
0.008523
0.012386
0.016551
0.020515
0.024226
0.027955
0.032011
0.036523
0.041399
0.046431
0.051419
0.056255
0.060928
0.065489
0.07
0.074501
0.079002
0.08349
0.087918
0.09202
0.094956
0.095334
0.091994
0.084866
0.075034
0.064081
0.053333
0.043445
0.034417
0.025887
0.01745
0.008867
0.0001
-0.008752
-0.017561
-0.026239
-0.034763
-0.043158
-0.051466
-0.05968
-0.067469
-0.073688
-0.076417
-0.074054
-0.066489
-0.055201
-0.042357
-0.029776
-0.018356
-0.00811
0.001404
0.010616
0.019724
0.028727
0.037559
0.04606
0.053641
0.05912
0.061337
0.060034
0.056052
0.050827
0.045705
0.041501
0.038392
0.036082
0.0341
0.03205
0.029653
0.026578
0.022357
0.01662
0.0094
0.001163
-0.007408
-0.015654
-0.023125
-0.029685
-0.035504
-0.040916
-0.046235
-0.051648
-0.057184
-0.062736
-0.068069
-0.072873
-0.076922
-0.08022
-0.082984
-0.085519
-0.088067
-0.090743
-0.093432
-0.095534
-0.095907
-0.093461
-0.08794
-0.080085
-0.07115
-0.062265
-0.054051
-0.046628
-0.039843
-0.033492
-0.02741
-0.021479
-0.015626
-0.009815
-0.004005
0.001946
0.00835
0.015551
0.023681
0.032568
0.041838
0.051117
0.060169
0.068897
0.077146
0.084502
0.090399
0.094519
0.097051
0.098588
0.099813
0.101208
0.102971
0.105183
0.108079
0.112087
0.117536
0.124361
0.132104
0.140166
0.148073
0.15561
0.162829
0.170015
0.177602
0.185955
0.195149
0.204949
0.214976
0.224898
0.234546
0.243912
0.253083
0.261935
0.269274
0.272131
0.266794
0.251239
0.226605
0.196476
0.164914
0.134761
0.107015
0.081144
0.0554
0.026577
-0.009092
-0.052295
-0.097664
-0.136174
-0.161076
-0.171619
-0.172282
-0.169394
-0.167898
-0.169875
-0.174877
-0.181237
-0.187352
-0.1924
-0.196244
-0.198663
-0.198782
-0.195541
-0.188656
-0.178945
-0.167852
-0.156724
-0.146329
-0.13679
-0.127813
-0.119007
-0.110101
-0.10102
-0.091835
-0.082648
-0.073423
-0.063843
-0.053391
-0.041683
-0.028751
-0.015018
-0.001108
0.012184
0.02383
0.032824
0.038746
0.04206
0.043844
0.045235
0.047017
0.049587
0.053139
0.057756
0.063342
0.069605
0.076162
0.082522
0.087686
0.089971
0.08782
0.080929
0.070481
0.058404
0.046411
0.03542
0.025514
0.016276
0.007196
-0.002053
-0.011545
-0.021141
-0.030473
-0.038866
-0.045489
-0.049818
-0.052009
-0.052796
-0.053084
-0.053553
-0.054463
-0.055637
-0.056539
-0.056513
-0.055145
-0.052495
-0.049014
-0.045272
-0.041725
-0.038624
-0.036023
-0.033831
-0.031881
-0.030012
-0.028073
-0.02582
-0.022843
-0.018762
-0.013509
-0.007384
-0.000875
0.005585
0.011764
0.01764
0.023319
0.028929
0.034531
0.040016
0.045054
0.049231
0.052313
0.054411
0.055894
0.057188
0.058563
0.059967
0.060984
0.061043
0.059795
0.057281
0.053764
0.04946
0.044485
0.038964
0.033087
0.027077
0.021113
0.01529
0.009613
0.004041
-0.001445
-0.006718
-0.011464
-0.015357
-0.018305
-0.020514
-0.022351
-0.024156
-0.026115
-0.028254
-0.030432
-0.032234
-0.032958
-0.031964
-0.029121
-0.024891
-0.020029
-0.015206
-0.01078
-0.006781
-0.003044
0.000631
0.004396
0.00841
0.012943
0.018317
0.024694
0.031938
0.039685
0.04753
0.055193
0.062577
0.069643
0.076013
0.080633
0.082123
0.079713
0.073816
0.065784
0.057158
0.049027
0.041781
0.035254
0.029044
0.022801
0.016363
0.009754
0.00309
-0.003511
-0.009985
-0.016279
-0.022132
-0.026885
-0.029701
-0.030118
-0.028398
-0.02537
-0.021972
-0.018864
-0.016282
-0.014121
-0.012154
-0.010274
-0.008676
-0.007789
-0.00797
-0.009235
-0.011262
-0.01359
-0.015842
-0.017841
-0.019599
-0.021225
-0.022837
-0.024502
-0.026182
-0.027632
-0.028379
-0.027971
-0.0263
-0.023669
-0.02059
-0.017527
-0.014731
-0.012227
-0.009904
-0.007625
-0.005299
-0.002924
-0.000651
0.001152
0.001986
0.001522
-0.000175
-0.002684
-0.005474
-0.00814
-0.010512
-0.012622
-0.014603
-0.016597
-0.018706
-0.020984
-0.023432
-0.025999
-0.028615
-0.031218
-0.03377
-0.036268
-0.038722
-0.04115
-0.043565
-0.045969
-0.048359
-0.05073
-0.053079
-0.05537
-0.057416
-0.058773
-0.058892
-0.057475
-0.054696
-0.051091
-0.047272
-0.043696
-0.040585
-0.037949
-0.035662
-0.033546
-0.031455
-0.029312
-0.027142
-0.025136
-0.023653
-0.023033
-0.023356
-0.024396
-0.025773
-0.027142
-0.028318
-0.029283
-0.030099
-0.030756
-0.031099
-0.030923
-0.030156
-0.028916
-0.027435
-0.025938
-0.024557
-0.023316
-0.022168
-0.021047
-0.019909
-0.018739
-0.017547
-0.016355
-0.015179
-0.014031
-0.012927
-0.011891
-0.010945
-0.010086
-0.009291
-0.008527
-0.007767
-0.006996
-0.006216
-0.005432
-0.004655
-0.003887
-0.003132
-0.002385
-0.001645
-0.00091
-0.000178
0.000548
0.001269
0.001984
0.002692
0.003394
0.004091
0.004781
0.005438
0.005904
0.005806
0.00468
0.002277
-0.001257
-0.005472
-0.009768
-0.013309
-0.014928
-0.013543
-0.008843
-0.001512
0.007173
0.015989
0.024206
0.031673
0.038622
0.0454
0.052254
0.059244
0.06615
0.072307
0.076697
0.078506
0.077694
0.075016
0.071559
0.068225
0.065452
0.063232
0.061344
0.059671
0.05837
0.057733
0.057903
0.058753
0.059974
0.061249
0.062379
0.063315
0.064067
0.064477
0.064074
0.062291
0.058886
0.054126
0.048622
0.043002
0.037665
0.032719
0.028061
0.023517
0.018953
0.014319
0.00964
0.004992
0.000468
-0.003867
-0.008005
-0.011993
-0.0159
-0.019782
-0.023667
-0.027552
-0.031423
-0.035261
-0.039049
-0.04275
-0.046278
-0.049529
-0.052446
-0.055065
-0.057493
-0.05985
-0.06222
-0.064606
-0.066851
-0.068576
-0.069331
-0.068871
-0.067334
-0.065143
-0.062777
-0.060568
-0.05864
-0.057003
-0.055703
-0.054878
-0.05465
-0.054995
-0.055736
-0.056634
-0.057496
-0.058233
-0.05883
-0.059181
-0.058804
-0.056832
-0.052514
-0.045786
-0.037329
-0.028153
-0.019118
-0.010695
-0.003024
0.003898
0.01014
0.015849
0.021225
0.026463
0.031697
0.036966
0.042228
0.047391
0.052379
0.057169
0.06174
0.065822
0.068675
0.06934
0.067287
0.062808
0.056848
0.050494
0.044572
0.039499
0.03532
0.031818
0.028668
0.025585
0.02241
0.019116
0.015756
0.012407
0.009116
0.005899
0.002741
-0.000381
-0.003486
-0.00658
-0.009645
-0.012585
-0.015187
-0.01719
-0.018456
-0.019068
-0.019279
-0.019384
-0.019638
-0.020235
-0.021277
-0.022743
-0.024502
-0.026378
-0.02823
-0.029988
-0.031651
-0.033255
-0.034842
-0.036437
-0.038044
-0.039652
-0.041249
-0.042825
-0.044379
-0.045888
-0.047199
-0.04789
-0.047357
-0.045183
-0.041445
-0.03667
-0.031535
-0.02656
-0.02197
-0.017738
-0.013797
-0.010309
-0.007733
-0.006519
-0.006743
-0.008038
-0.009819
-0.011573
-0.013032
-0.014133
-0.014774
-0.014647
-0.013394
-0.010925
-0.007519
-0.003662
0.000198
0.003808
0.007117
0.010159
0.012924
0.015345
0.017386
0.0191
0.020613
0.022061
0.023538
0.025086
0.026743
0.028589
0.030724
0.033185
0.035909
0.03877
0.041587
0.044026
0.045553
0.045687
0.044343
0.041894
0.038939
0.03601
0.033385
0.03109
0.028992
0.026935
0.024817
0.022617
0.020369
0.018122
0.015913
0.013753
0.011633
0.009602
0.007969
0.00743
0.008753
0.012243
0.017519
0.023761
0.030139
0.036135
0.041545
0.046134
0.049311
0.050351
0.048966
0.045576
0.041074
0.036374
0.032056
0.028274
0.024881
0.021627
0.018317
0.014884
0.011391
0.008027
0.005049
0.002642
0.000814
-0.000605
-0.001851
-0.003116
-0.00449
-0.005967
-0.007489
-0.008998
-0.010434
-0.011655
-0.012372
-0.012277
-0.011251
-0.009463
-0.007264
-0.005005
-0.002905
-0.001017
0.00072
0.002403
0.004107
0.005857
0.00764
0.009426
0.01119
0.01292
0.01462
0.016297
0.01796
0.019615
0.021262
0.022897
0.024518
0.026124
0.027714
0.029288
0.030848
0.032379
0.033778
0.034768
0.034954
0.034062
0.032144
0.029546
0.026708
0.023971
0.021481
0.019214
0.017061
0.014917
0.012733
0.010555
0.008514
0.006755
0.005343
0.004226
0.003276
0.002364
0.001406
0.000383
-0.000683
-0.001753
-0.002783
-0.003719
-0.004504
-0.005107
-0.005545
-0.005876
-0.00617
-0.006477
-0.006816
-0.007182
-0.007558
-0.007928
-0.008285
-0.008623
-0.008918
-0.009111
-0.009138
-0.008971
-0.008643
-0.008227
-0.007796
-0.007398
-0.007044
-0.006721
-0.006414
-0.006141
-0.005984
-0.006073
-0.0065
-0.007254
-0.008227
-0.009279
-0.010298
-0.011237
-0.012101
-0.012927
-0.013747
-0.014554
-0.015209
-0.015401
-0.014789
-0.013237
-0.010908
-0.00816
-0.005353
-0.002713
-0.000296
0.001961
0.004159
0.006373
0.008631
0.01092
0.013171
0.015175
0.016551
0.016938
0.016257
0.014768
0.012902
0.011045
0.009405
0.007998
0.0067
0.005336
0.003762
0.001935
-0.000087
-0.002196
-0.00429
-0.006314
-0.008263
-0.010161
-0.012026
-0.013806
-0.015311
-0.016255
-0.016438
-0.01589
-0.01485
-0.01363
-0.012474
-0.011489
-0.010683
-0.010057
-0.009668
-0.009584
-0.009812
-0.010271
-0.010837
-0.0114
-0.011901
-0.012334
-0.012725
-0.013107
-0.0135
-0.01391
-0.01433
-0.01475
-0.015162
-0.015563
-0.015944
-0.016245
-0.016335
-0.016066
-0.015382
-0.014354
-0.013142
-0.011902
-0.010736
-0.009667
-0.008668
-0.007695
-0.006715
-0.005715
-0.004702
-0.003688
-0.002686
-0.001716
-0.000864
-0.000332
-0.000373
-0.001122
-0.002499
-0.004256
-0.006113
-0.007875
-0.009473
-0.010939
-0.012346
-0.013757
-0.015201
-0.016672
-0.018126
-0.019403
-0.020167
-0.020015
-0.018735
-0.01646
-0.013588
-0.010563
-0.007691
-0.005083
-0.002712
-0.00053
0.001467
0.003257
0.004844
0.006279
0.007635
0.008979
0.01035
0.011766
0.013229
0.014733
0.016263
0.0178
0.019318
0.020736
0.021868
0.022448
0.0223
0.02146
0.020161
0.0187
0.017304
0.016069
0.01498
0.013963
0.012963
0.012021
0.011303
0.011016
0.011256
0.011942
0.01288
0.013864
0.014762
0.015537
0.016223
0.016877
0.017543
0.018238
0.018956
0.019656
0.020204
0.020334
0.019768
0.018398
0.016372
0.013995
0.011573
0.009293
0.007197
0.005203
0.003169
0.000967
-0.001448
-0.004033
-0.006696
-0.009345
-0.011918
-0.014354
-0.016554
-0.018418
-0.019915
-0.021114
-0.022146
-0.023142
-0.024167
-0.025159
-0.025907
-0.026136
-0.025694
-0.024646
-0.023226
-0.021704
-0.020271
-0.018994
-0.017843
-0.016743
-0.015598
-0.014266
-0.012562
-0.010346
-0.00763
-0.004572
-0.001388
0.001747
0.00475
0.007584
0.010095
0.011924
0.012697
0.012321
0.01106
0.009373
0.007678
0.006209
0.004993
0.003936
0.002914
0.001844
0.000706
-0.000476
-0.001664
-0.002828
-0.003928
-0.004819
-0.00521
-0.004814
-0.003563
-0.001662
0.000543
0.00274
0.004758
0.006577
0.008271
0.009921
0.011497
0.012776
0.013398
0.013102
0.011908
0.010108
0.008084
0.006143
0.004442
0.003031
0.001911
0.001053
0.000394
-0.000152
-0.000664
-0.001194
-0.001763
-0.002389
-0.003129
-0.004077
-0.005301
-0.006788
-0.008449
-0.010166
-0.011831
-0.013359
-0.01469
-0.015808
-0.01675
-0.017587
-0.018375
-0.019063
-0.019433
-0.019189
-0.018156
-0.01641
-0.014224
-0.011916
-0.009713
-0.007698
-0.005836
-0.004046
-0.002253
-0.000424
0.001436
0.003303
0.005139
0.006845
0.008222
0.009029
0.009142
0.008643
0.007773
0.006803
0.005919
0.005191
0.004624
0.004227
0.004041
0.004093
0.004357
0.004755
0.005198
0.005617
0.005987
0.006314
0.006621
0.006936
0.007293
0.007734
0.008284
0.00894
0.009666
0.010408
0.011059
0.011365
0.010932
0.009442
0.006885
0.003571
-0.000048
-0.003601
-0.006905
-0.009962
-0.012876
-0.015727
-0.01841
-0.020562
-0.021747
-0.021771
-0.020813
-0.019305
-0.017693
-0.016265
-0.015102
-0.014144
-0.013305
-0.012526
-0.011787
-0.011083
-0.010412
-0.009762
-0.009124
-0.008501
-0.007951
-0.007625
-0.007712
-0.008314
-0.009375
-0.010714
-0.012118
-0.013397
-0.014402
-0.015049
-0.015349
-0.015402
-0.015346
-0.015294
-0.015302
-0.015372
-0.015478
-0.01559
-0.015719
-0.015946
-0.016397
-0.017166
-0.018244
-0.019529
-0.020886
-0.022194
-0.023316
-0.024009
-0.023952
-0.022935
-0.021022
-0.018522
-0.015821
-0.013214
-0.010823
-0.008631
-0.006591
-0.004766
-0.003368
-0.002614
-0.002542
-0.002984
-0.003661
-0.00433
-0.004862
-0.005246
-0.005543
-0.005827
-0.006144
-0.006504
-0.00689
-0.007281
-0.00766
-0.00802
-0.008366
-0.008704
-0.009042
-0.009381
-0.009715
-0.009999
-0.010119
-0.009914
-0.009274
-0.00822
-0.006894
-0.005473
-0.004095
-0.002821
-0.001638
-0.000504
0.000624
0.00177
0.002933
0.004102
0.00526
0.006379
0.007408
0.008278
0.008947
0.009424
0.009775
0.010078
0.010393
0.010745
0.011134
0.011572
0.012152
0.013047
0.014411
0.016259
0.018454
0.020789
0.023055
0.025047
0.02657
0.027511
0.027911
0.027951
0.027857
0.0278
0.027854
0.028007
0.028207
0.0284
0.028568
0.028768
0.029134
0.029815
0.030874
0.032245
0.033784
0.035343
0.036829
0.038188
0.039276
0.039734
0.039092
0.037094
0.03389
0.029953
0.02582
0.021869
0.018234
0.014859
0.011603
0.00835
0.005049
0.001715
-0.001611
-0.004894
-0.00812
-0.01129
-0.014391
-0.017345
-0.02
-0.022227
-0.024014
-0.025476
-0.026789
-0.028101
-0.029485
-0.030944
-0.032438
-0.033923
-0.035371
-0.036734
-0.037777
-0.037933
-0.036491
-0.033065
-0.027878
-0.021628
-0.015102
-0.008849
-0.003041
0.002463
0.007935
0.013588
0.019485
0.025574
0.031721
0.037613
0.042626
0.046013
0.047367
0.046909
0.045337
0.043448
0.041797
0.040582
0.039714
0.038986
0.038217
0.037326
0.036327
0.03528
0.034245
0.033255
0.032311
0.031396
0.030488
0.029576
0.028432
0.026084
0.021027
0.012679
0.002311
-0.007742
-0.015475
-0.020033
-0.021774
-0.021814
-0.021372
-0.021279
-0.02181
-0.022822
-0.024005
-0.025098
-0.025989
-0.026706
-0.02734
-0.027981
-0.028655
-0.029253
-0.029451
-0.028799
-0.026988
-0.024072
-0.020424
-0.016527
-0.012749
-0.009249
-0.005997
-0.002886
0.000151
0.003079
0.005802
0.008263
0.010492
0.012578
0.014619
0.01667
0.018705
0.020615
0.02228
0.023657
0.024799
0.025818
0.026819
0.027862
0.028957
0.030082
0.031204
0.032302
0.033364
0.034335
0.035022
0.035096
0.034279
0.03255
0.030168
0.027513
0.024905
0.022503
0.020311
0.018259
0.016284
0.014359
0.012489
0.010712
0.00911
0.007776
0.006756
0.006007
0.005424
0.004889
0.004322
0.003697
0.003032
0.002381
0.001848
0.001578
0.001679
0.002149
0.002876
0.003706
0.004512
0.005234
0.005876
0.006464
0.006985
0.007351
0.007441
0.0072
0.006674
0.005988
0.005269
0.004603
0.004027
0.003583
0.003375
0.003524
0.004079
0.004968
0.00604
0.007141
0.008174
0.009114
0.009986
0.010832
0.011678
0.012487
0.013082
0.013167
0.012494
0.011042
0.009032
0.00679
0.004589
0.002567
0.000722
-0.00102
-0.002742
-0.004497
-0.006308
-0.008195
-0.01019
-0.012316
-0.014559
-0.016875
-0.019206
-0.0215
-0.023682
-0.025604
-0.027064
-0.027928
-0.028232
-0.028162
-0.027957
-0.027795
-0.027754
-0.02782
-0.027935
-0.028043
-0.028095
-0.027987
-0.027512
-0.026445
-0.024701
-0.022405
-0.019814
-0.017187
-0.014683
-0.012343
-0.010121
-0.007953
-0.005848
-0.003999
-0.002768
-0.002473
-0.003152
-0.00454
-0.006232
-0.007886
-0.009322
-0.010497
-0.011421
-0.012121
-0.012642
-0.013047
-0.013405
-0.013765
-0.01415
-0.01456
-0.014979
-0.015395
-0.015799
-0.016189
-0.016571
-0.016936
-0.017223
-0.017302
-0.017047
-0.016426
-0.015524
-0.01449
-0.01346
-0.012507
-0.01164
-0.010827
-0.010028
-0.009218
-0.008396
-0.007593
-0.006856
-0.006227
-0.00571
-0.005274
-0.004876
-0.004477
-0.004058
-0.00362
-0.003174
-0.002739
-0.002373
-0.002194
-0.002344
-0.002899
-0.003811
-0.004936
-0.006116
-0.007239
-0.008269
-0.009223
-0.010145
-0.011075
-0.012032
-0.013012
-0.014001
-0.014983
-0.015949
-0.016897
-0.01783
-0.018732
-0.019496
-0.01988
-0.019622
-0.018615
-0.016991
-0.015032
-0.013025
-0.011147
-0.009442
-0.007863
-0.006328
-0.004778
-0.003192
-0.001581
0.000024
0.001592
0.003099
0.004542
0.005934
0.007298
0.008648
0.009968
0.011209
0.012311
0.013246
0.014039
0.01475
0.015438
0.016144
0.016873
0.017588
0.018196
0.018579
0.018657
0.018447
0.018048
0.017581
0.017142
0.01677
0.016457
0.016172
0.015885
0.015581
0.015261
0.014933
0.014606
0.014287
0.013976
0.013671
0.013357
0.012967
0.012346
0.011301
0.009732
0.007698
0.005388
0.00301
0.000714
-0.001436
-0.00343
-0.005275
-0.006983
-0.008583
-0.010113
-0.011613
-0.013105
-0.014559
-0.015846
-0.016744
-0.017067
-0.016801
-0.01611
-0.015239
-0.014392
-0.013671
-0.013076
-0.01254
-0.011937
-0.011078
-0.00977
-0.007928
-0.005629
-0.003069
-0.000459
0.002049
0.00433
0.00619
0.00737
0.0077
0.007239
0.006257
0.00509
0.003991
0.003071
0.00231
0.001626
0.000941
0.000213
-0.00056
-0.001353
-0.002143
-0.002912
-0.003643
-0.004265
-0.004619
-0.004529
-0.003924
-0.002895
-0.001635
-0.00034
0.000866
0.001954
0.002957
0.003929
0.004912
0.00592
0.006946
0.007973
0.008988
0.009985
0.010963
0.011929
0.012886
0.013839
0.014787
0.015728
0.01666
0.017578
0.018433
0.019061
0.019191
0.018596
0.01726
0.015395
0.01331
0.011264
0.009385
0.007701
0.006273
0.005288
0.004962
0.00535
0.006291
0.007502
0.008723
0.009785
0.010561
0.01088
0.010568
0.009579
0.008051
0.00624
0.004394
0.002662
0.00108
-0.000387
-0.001761
-0.002959
-0.003809
-0.004174
-0.004056
-0.003602
-0.003015
-0.002459
-0.002009
-0.001661
-0.001365
-0.001072
-0.000751
-0.000402
-0.000037
0.00033
0.000705
0.001142
0.00174
0.002583
0.00368
0.004959
0.006311
0.007645
0.008915
0.01012
0.011285
0.012438
0.013595
0.014752
0.01583
0.016578
0.016586
0.015517
0.01335
0.0104
0.007128
0.003917
0.000958
-0.001751
-0.004315
-0.006851
-0.009429
-0.012059
-0.014712
-0.017352
-0.019953
-0.022508
-0.024993
-0.027248
-0.028918
-0.029603
-0.029146
-0.027744
-0.025825
-0.023822
-0.022005
-0.020443
-0.019062
-0.017741
-0.016389
-0.014982
-0.013579
-0.012303
-0.01127
-0.010515
-0.009977
-0.009545
-0.009117
-0.00864
-0.008107
-0.007538
-0.006942
-0.006284
-0.005502
-0.004554
-0.003452
-0.002252
-0.001026
0.000169
0.001291
0.002291
0.003121
0.003763
0.004246
0.004633
0.004993
0.00537
0.00578
0.006214
0.006654
0.007069
0.007371
0.007396
0.006987
0.00611
0.004879
0.003486
0.0021
0.000814
-0.000378
-0.001604
-0.003102
-0.005108
-0.007709
-0.01077
-0.013985
-0.017006
-0.019592
-0.021705
-0.023474
-0.025068
-0.026576
-0.02798
-0.029223
-0.030282
-0.031194
-0.032013
-0.03273
-0.033204
-0.033218
-0.032638
-0.031512
-0.030045
-0.028476
-0.02698
-0.025617
-0.024324
-0.02293
-0.021226
-0.01908
-0.016514
-0.01368
-0.010768
-0.007922
-0.005198
-0.002582
-0.000025
0.002517
0.005045
0.00744
0.009434
0.010734
0.011222
0.011037
0.010482
0.009863
0.009371
0.009054
0.008858
0.008698
0.008509
0.008268
0.007988
0.007694
0.007409
0.007149
0.006958
0.006951
0.007296
0.00811
0.00937
0.010925
0.012582
0.014191
0.015688
0.017084
0.018425
0.019754
0.021081
0.022371
0.023578
0.024679
0.025688
0.026642
0.02758
0.028527
0.029487
0.030453
0.031411
0.032353
0.033274
0.034178
0.03507
0.035954
0.036833
0.03767
0.038276
0.038244
0.037128
0.034753
0.031344
0.027378
0.023336
0.019519
0.016001
0.012689
0.0094
0.005919
0.002076
-0.002125
-0.006378
-0.010148
-0.01296
-0.014689
-0.01559
-0.016104
-0.016626
-0.017361
-0.018322
-0.019408
-0.020468
-0.021263
-0.021419
-0.020573
-0.018611
-0.015754
-0.012432
-0.009059
-0.005889
-0.002976
-0.000244
0.002425
0.005115
0.007855
0.010628
0.013397
0.016106
0.018598
0.020566
0.021681
0.021819
0.021158
0.020061
0.018894
0.017882
0.017082
0.016427
0.015811
0.015111
0.01418
0.01286
0.011063
0.008837
0.006346
0.003778
0.001285
-0.001011
-0.002967
-0.004432
-0.005346
-0.00579
-0.005956
-0.006047
-0.00619
-0.006383
-0.006491
-0.006323
-0.005762
-0.004831
-0.003669
-0.002441
-0.001269
-0.000197
0.000793
0.001745
0.002697
0.003668
0.004637
0.005495
0.006018
0.00597
0.00526
0.004008
0.002464
0.000879
-0.000592
-0.00191
-0.003121
-0.004294
-0.005482
-0.006704
-0.007939
-0.00914
-0.010243
-0.011201
-0.012014
-0.012723
-0.013387
-0.014053
-0.014742
-0.015454
-0.016173
-0.016871
-0.017464
-0.017787
-0.017664
-0.017031
-0.01598
-0.014705
-0.013398
-0.012179
-0.011078
-0.010059
-0.009069
-0.008069
-0.007043
-0.005999
-0.004954
-0.003921
-0.002904
-0.001883
-0.000818
0.000336
0.001598
0.002947
0.004339
0.00573
0.007091
0.00841
0.00966
0.010774
0.011663
0.012277
0.012645
0.01286
0.013027
0.013216
0.013424
0.013571
0.013545
0.013276
0.012779
0.012139
0.011457
0.010809
0.01022
0.009681
0.009164
0.008646
0.008115
0.007562
0.006936
0.006131
0.005036
0.003626
0.001974
0.000214
-0.001538
-0.003214
-0.004808
-0.006346
-0.007864
-0.009386
-0.010915
-0.012421
-0.013821
-0.014984
-0.015804
-0.016277
-0.016501
-0.016618
-0.016746
-0.016942
-0.017205
-0.017495
-0.017736
-0.017817
-0.01764
-0.017176
-0.016485
-0.015678
-0.01486
-0.014092
-0.013359
-0.012568
-0.011588
-0.010329
-0.008795
-0.007081
-0.005309
-0.003575
-0.001919
-0.000361
0.000986
0.001867
0.002018
0.001371
0.000111
-0.001443
-0.002998
-0.004393
-0.005606
-0.006706
-0.007778
-0.008881
-0.010028
-0.011202
-0.012378
-0.013533
-0.014661
-0.015748
-0.016705
-0.017348
-0.017493
-0.017093
-0.016275
-0.015259
-0.014243
-0.013337
-0.012553
-0.011846
-0.011155
-0.010443
-0.009699
-0.008936
-0.00817
-0.007406
-0.006625
-0.005787
-0.004862
-0.003851
-0.002782
-0.001695
-0.000622
0.000421
0.001437
0.002435
0.003424
0.004411
0.005396
0.006347
0.007113
0.007394
0.006896
0.005551
0.003561
0.00127
-0.001011
-0.003105
-0.004958
-0.006556
-0.007883
-0.008941
-0.009779
-0.010484
-0.011142
-0.011803
-0.012456
-0.013042
-0.013507
-0.013838
-0.014068
-0.014252
-0.014438
-0.01464
-0.01481
-0.014839
-0.014615
-0.014108
-0.013381
-0.01255
-0.011721
-0.010953
-0.010249
-0.009565
-0.008814
-0.007895
-0.00675
-0.005395
-0.003909
-0.002387
-0.000899
0.000535
0.001941
0.003379
0.004897
0.00651
0.008191
0.009893
0.011579
0.013228
0.014811
0.016198
0.017092
0.017163
0.016279
0.014609
0.012509
0.010343
0.008337
0.00655
0.004918
0.00334
0.001741
0.000093
-0.001591
-0.00328
-0.004948
-0.006583
-0.008187
-0.009743
-0.011123
-0.012059
-0.012284
-0.011729
-0.010577
-0.009142
-0.007707
-0.006431
-0.00533
-0.004338
-0.00337
-0.002372
-0.001328
-0.000257
0.000815
0.001868
0.002897
0.003904
0.004897
0.005871
0.006762
0.007432
0.007746
0.007671
0.007296
0.006779
0.00626
0.005818
0.005463
0.00516
0.004868
0.004559
0.004225
0.003884
0.003583
0.00341
0.003454
0.003747
0.004242
0.004843
0.005457
0.006026
0.006539
0.007012
0.00747
0.007935
0.008412
0.008897
0.009386
0.009894
0.010468
0.01117
0.012036
0.01305
0.014151
0.015273
0.016366
0.017414
0.018422
0.019391
0.020245
0.020801
0.020878
0.020425
0.019563
0.018505
0.017446
0.016494
0.015662
0.014882
0.013978
0.012674
0.010727
0.008107
0.005082
0.00215
-0.000176
-0.001622
-0.00226
-0.002409
-0.002429
-0.002567
-0.002904
-0.003391
-0.003929
-0.004436
-0.004879
-0.005265
-0.00562
-0.005939
-0.006123
-0.005985
-0.005359
-0.004226
-0.002726
-0.00107
0.000546
0.001955
0.002969
0.003411
0.003212
0.002477
0.001434
0.000318
-0.000712
-0.001608
-0.002402
-0.003142
-0.003806
-0.004237
-0.004212
-0.003595
-0.002438
-0.000943
0.000649
0.002145
0.003382
0.004183
0.004415
0.004085
0.003355
0.002454
0.001571
0.000803
0.000151
-0.000435
-0.001011
-0.001611
-0.002238
-0.002852
-0.003381
-0.003753
-0.003943
-0.003981
-0.003939
-0.003885
-0.003861
-0.003874
-0.003914
-0.00396
-0.003999
-0.004025
-0.004034
-0.003992
-0.00379
-0.003267
-0.002313
-0.000946
0.000694
0.002427
0.004115
0.005698
0.007185
0.008616
0.010013
0.011339
0.012509
0.013453
0.014168
0.01472
0.015201
0.01569
0.016221
0.016793
0.017383
0.017968
0.018534
0.01908
0.019589
0.019948
0.019905
0.019175
0.017646
0.015458
0.012914
0.010321
0.007869
0.005608
0.003483
0.001393
-0.000756
-0.003029
-0.005435
-0.007935
-0.010469
-0.012984
-0.015451
-0.017843
-0.020013
-0.021545
-0.021837
-0.02047
-0.017519
-0.013514
-0.009138
-0.004916
-0.001076
0.002411
0.005631
0.008491
0.010641
0.011722
0.011664
0.010749
0.009439
0.008142
0.007073
0.006253
0.005583
0.004966
0.004378
0.003859
0.003457
0.003183
0.003001
0.00286
0.002713
0.002538
0.002338
0.002124
0.001912
0.001709
0.001517
0.001332
0.00114
0.000888
0.00047
-0.000229
-0.001253
-0.002543
-0.003975
-0.005421
-0.006806
-0.008109
-0.009349
-0.010539
-0.011644
-0.012588
-0.013306
-0.013799
-0.014133
-0.014401
-0.014677
-0.014997
-0.015358
-0.015739
-0.016117
-0.016477
-0.01682
-0.01715
-0.017476
-0.017798
-0.018085
-0.018253
-0.018179
-0.017781
-0.017073
-0.016159
-0.015174
-0.01422
-0.013342
-0.012532
-0.011757
-0.010986
-0.010201
-0.009402
-0.008597
-0.007798
-0.007011
-0.006237
-0.005473
-0.004716
-0.003959
-0.003175
-0.002302
-0.001265
-0.000022
0.001402
0.002932
0.004484
0.005999
0.007456
0.008866
0.010249
0.011604
0.01283
0.013707
0.014013
0.013691
0.012885
0.011847
0.010808
0.009895
0.009123
0.008439
0.007773
0.007082
0.006353
0.005601
0.004863
0.004238
0.003895
0.003995
0.004569
0.005501
0.006596
0.007684
0.008672
0.009551
0.010364
0.011161
0.011976
0.012812
0.013622
0.014271
0.014547
0.014279
0.01346
0.012249
0.010877
0.009535
0.008318
0.007223
0.006198
0.005179
0.004107
0.002918
0.001555
-0.000005
-0.001725
-0.003532
-0.005348
-0.007123
-0.008843
-0.010519
-0.01217
-0.013812
-0.015453
-0.017091
-0.018719
-0.020322
-0.021836
-0.023091
-0.02385
-0.023949
-0.023419
-0.022472
-0.021374
-0.020333
-0.019436
-0.018669
-0.017965
-0.017262
-0.016524
-0.015744
-0.014898
-0.013909
-0.012669
-0.011115
-0.009278
-0.007272
-0.005224
-0.003227
-0.001314
0.000528
0.002332
0.004123
0.005883
0.007499
0.008774
0.009544
0.009794
0.009667
0.009377
0.009104
0.008937
0.008878
0.008877
0.00888
0.008853
0.008792
0.008709
0.008623
0.008545
0.008478
0.00842
0.008365
0.008322
0.008325
0.008437
0.008714
0.00916
0.009727
0.010344
0.01095
0.011517
0.012043
0.012545
0.013041
0.013542
0.014051
0.014562
0.01506
0.015489
0.015724
0.015612
0.015072
0.014153
0.013007
0.011801
0.010653
0.009604
0.008635
0.007702
0.006766
0.005807
0.004803
0.003678
0.0023
0.000551
-0.001574
-0.003967
-0.006465
-0.008933
-0.011303
-0.013572
-0.015778
-0.017962
-0.020116
-0.022065
-0.023418
-0.023741
-0.022863
-0.020989
-0.018574
-0.016075
-0.013779
-0.011756
-0.009927
-0.008165
-0.006377
-0.004562
-0.002806
-0.001238
0.00006
0.001102
0.001978
0.002797
0.003637
0.00453
0.005464
0.006411
0.007345
0.008252
0.009136
0.010004
0.010865
0.011724
0.01258
0.013433
0.014278
0.015115
0.015934
0.016684
0.017222
0.017344
0.016912
0.01595
0.014638
0.013201
0.011816
0.010559
0.009415
0.008331
0.007251
0.006146
0.005015
0.003874
0.00274
0.001626
0.000527
-0.000586
-0.001794
-0.003204
-0.00489
-0.006836
-0.008951
-0.011101
-0.013113
-0.014747
-0.015766
-0.016065
-0.01575
-0.015075
-0.014312
-0.013642
-0.013123
-0.012717
-0.012353
-0.011973
-0.011551
-0.011095
-0.010626
-0.010163
-0.009706
-0.009201
-0.008523
-0.007538
-0.00619
-0.004545
-0.002742
-0.000921
0.000828
0.002476
0.004011
0.005391
0.006557
0.007484
0.008212
0.008824
0.009406
0.010014
0.010664
0.011343
0.012026
0.012697
0.013342
0.013921
0.014294
0.014224
0.013508
0.012133
0.010287
0.008244
0.006238
0.004381
0.002676
0.00106
-0.000539
-0.002162
-0.003815
-0.005483
-0.007123
-0.008614
-0.009701
-0.010077
-0.009581
-0.008317
-0.006589
-0.004739
-0.003003
-0.001464
-0.00008
0.001236
0.00256
0.003908
0.005216
0.00636
0.007234
0.007819
0.008191
0.008465
0.008745
0.009081
0.009473
0.009895
0.010316
0.010717
0.011087
0.011393
0.01156
0.011499
0.011176
0.010635
0.009977
0.009299
0.008665
0.008092
0.007558
0.007014
0.006392
0.005634
0.004723
0.003693
0.002606
0.001522
0.000472
-0.000536
-0.001514
-0.00248
-0.003444
-0.004411
-0.005371
-0.006274
-0.006999
-0.007376
-0.007289
-0.006762
-0.005944
-0.005022
-0.004143
-0.003367
-0.002683
-0.002046
-0.00141
-0.000751
-0.000069
0.000623
0.00131
0.001984
0.002643
0.00329
0.003921
0.004475
0.00478
0.004588
0.003729
0.002234
0.000318
-0.001746
-0.00373
-0.005466
-0.006784
-0.007525
-0.007633
-0.007213
-0.006489
-0.005692
-0.004974
-0.004384
-0.003892
-0.003443
-0.003038
-0.002786
-0.00288
-0.003465
-0.004536
-0.005936
-0.007458
-0.008935
-0.010295
-0.011544
-0.012733
-0.013914
-0.015115
-0.016338
-0.01757
-0.018793
-0.019972
-0.020976
-0.02153
-0.021334
-0.020273
-0.0185
-0.016342
-0.014129
-0.012064
-0.010199
-0.008496
-0.006964
-0.005753
-0.005081
-0.005052
-0.005575
-0.006415
-0.007324
-0.008136
-0.008805
-0.009366
-0.009887
-0.010422
-0.010973
-0.011488
-0.011878
-0.01208
-0.012093
-0.011976
-0.011809
-0.011658
-0.011548
-0.011477
-0.011425
-0.011372
-0.011306
-0.011229
-0.011144
-0.011059
-0.010978
-0.010901
-0.010827
-0.010754
-0.01068
-0.010605
-0.010529
-0.010453
-0.01037
-0.010244
-0.009996
-0.009539
-0.008838
-0.007936
-0.006927
-0.005906
-0.00493
-0.004014
-0.003142
-0.002287
-0.00143
-0.000564
0.000307
0.001177
0.002037
0.002886
0.003723
0.004551
0.005372
0.006179
0.006924
0.007488
0.007728
0.007566
0.007046
0.006309
0.005514
0.00477
0.004116
0.003535
0.002985
0.00243
0.001854
0.001261
0.000661
0.000065
-0.000539
-0.001183
-0.001911
-0.002741
-0.003655
-0.004615
-0.005577
-0.006515
-0.0074
-0.008129
-0.008494
-0.008289
-0.007465
-0.00617
-0.004652
-0.00314
-0.001765
-0.000587
0.000357
0.001043
0.001495
0.001785
0.002004
0.002226
0.002487
0.002789
0.003111
0.003431
0.003738
0.004033
0.004347
0.00475
0.00532
0.0061
0.007066
0.008141
0.009235
0.010254
0.011098
0.011677
0.011961
0.012
0.011899
0.011765
0.011669
0.011631
0.011636
0.011654
0.011664
0.011655
0.011631
0.011601
0.011573
0.011549
0.011531
0.011515
0.011499
0.01148
0.01146
0.011441
0.011436
0.011478
0.011617
0.011883
0.012271
0.012739
0.013234
0.013715
0.014164
0.014584
0.014989
0.015393
0.015807
0.016246
0.016719
0.017227
0.017761
0.018305
0.018847
0.019376
0.019885
0.02033
0.020608
0.020587
0.020197
0.019478
0.01856
0.017588
0.016665
0.015827
0.015057
0.014317
0.013568
0.01276
0.011829
0.010717
0.009421
0.007991
0.006507
0.005037
0.003616
0.002245
0.000909
-0.000414
-0.001737
-0.003061
-0.004382
-0.005695
-0.006973
-0.008108
-0.008866
-0.008995
-0.008396
-0.007198
-0.005675
-0.004103
-0.002655
-0.001371
-0.000205
0.00092
0.002063
0.003245
0.004453
0.005666
0.006863
0.008035
0.009185
0.010314
0.011389
0.012278
0.012756
0.012631
0.01189
0.010705
0.009333
0.00799
0.006783
0.005712
0.00472
0.003739
0.002732
0.001692
0.000635
-0.000419
-0.001455
-0.002469
-0.003467
-0.004468
-0.005509
-0.006639
-0.007887
-0.009247
-0.010676
-0.012122
-0.013545
-0.01493
-0.016279
-0.017605
-0.018922
-0.020235
-0.021544
-0.022846
-0.024138
-0.025373
-0.026342
-0.026622
-0.025798
-0.023772
-0.020829
-0.017459
-0.014104
-0.011003
-0.008185
-0.005544
-0.002949
-0.000314
0.002381
0.00511
0.007832
0.010494
0.01297
0.014987
0.016211
0.016469
0.015871
0.014755
0.013495
0.012354
0.011421
0.010654
0.009955
0.009239
0.00847
0.007652
0.006815
0.005988
0.005185
0.004406
0.003624
0.00273
0.001519
-0.000206
-0.00249
-0.005194
-0.008088
-0.010962
-0.013703
-0.016299
-0.018802
-0.021272
-0.023739
-0.026111
-0.028039
-0.02894
-0.028329
-0.026172
-0.022908
-0.019181
-0.015533
-0.01223
-0.009272
-0.006511
-0.003783
-0.000989
0.001886
0.004801
0.007679
0.010359
0.012577
0.014096
0.014871
0.015069
0.014929
0.014621
0.014203
0.013683
0.01307
0.012391
0.011688
0.010993
0.010324
0.009681
0.009055
0.008434
0.007812
0.007189
0.006567
0.005948
0.005336
0.004731
0.004132
0.003541
0.002971
0.002464
0.002077
0.001851
0.001778
0.001808
0.001876
0.001932
0.001954
0.001946
0.001924
0.001903
0.001892
0.001891
0.001895
0.001899
0.001901
0.0019
0.00189
0.001842
0.001689
0.001357
0.000816
0.000103
-0.000702
-0.001519
-0.002298
-0.003025
-0.003714
-0.004389
-0.005066
-0.005751
-0.006441
-0.007129
-0.00781
-0.008481
-0.009134
-0.009726
-0.010127
-0.010157
-0.009688
-0.008745
-0.007487
-0.006117
-0.004795
-0.003588
-0.002484
-0.001441
-0.000435
0.000503
0.001317
0.001982
0.002518
0.002982
0.003429
0.003897
0.004393
0.0049
0.005358
0.005649
0.00564
0.005265
0.004567
0.003678
0.002742
0.001856
0.001054
0.00032
-0.000387
-0.001096
-0.001823
-0.002564
-0.003309
-0.004046
-0.00477
-0.005481
-0.006182
-0.006877
-0.007568
-0.008256
-0.008938
-0.009613
-0.01025
-0.010758
-0.010983
-0.010798
-0.010195
-0.009292
-0.008264
-0.007257
-0.006343
-0.005522
-0.004755
-0.003996
-0.00322
-0.002421
-0.001605
-0.000773
0.000081
0.000964
0.001874
0.002798
0.003723
0.004639
0.005539
0.006426
0.007302
0.008171
0.009034
0.009892
0.010744
0.011581
0.012353
0.012927
0.013113
0.01278
0.011954
0.0108
0.009532
0.008311
0.007208
0.006211
0.005268
0.004329
0.003366
0.002379
0.001381
0.000391
-0.000583
-0.001535
-0.002439
-0.003205
-0.003672
-0.003707
-0.003299
-0.002572
-0.001711
-0.000869
-0.000124
0.000525
0.001118
0.001704
0.002311
0.002946
0.003604
0.00427
0.004933
0.005587
0.00623
0.006865
0.007493
0.008118
0.008733
0.009296
0.009656
0.009568
0.008826
0.007415
0.005528
0.003444
0.001397
-0.000496
-0.002235
-0.003885
-0.005498
-0.007013
-0.008215
-0.008845
-0.008786
-0.008144
-0.007174
-0.006142
-0.005221
-0.004456
-0.003802
-0.003187
-0.002553
-0.001879
-0.001164
-0.000388
0.000521
0.00164
0.002991
0.00452
0.006133
0.007739
0.009288
0.010764
0.012149
0.01337
0.014328
0.014962
0.015305
0.015466
0.015568
0.0157
0.015897
0.016146
0.016415
0.016668
0.016859
0.016921
0.016797
0.016481
0.016024
0.015505
0.01499
0.014516
0.014084
0.013679
0.013279
0.012872
0.012455
0.012032
0.011611
0.011195
0.010767
0.010214
0.009269
0.007605
0.005045
0.001691
-0.00212
-0.005934
-0.009297
-0.011897
-0.013688
-0.014877
-0.015764
-0.016527
-0.017111
-0.017329
-0.017065
-0.016372
-0.01543
-0.014439
-0.013529
-0.01274
-0.012041
-0.011375
-0.010698
-0.009991
-0.009261
-0.008516
-0.007729
-0.006821
-0.005708
-0.004371
-0.002896
-0.001472
-0.00032
0.00042
0.000756
0.000825
0.0008
0.000814
0.000919
0.001102
0.00132
0.00153
0.001711
0.001864
0.002002
0.002138
0.002281
0.002423
0.002526
0.002501
0.002257
0.001759
0.001052
0.000233
-0.000601
-0.001388
-0.002114
-0.002797
-0.003463
-0.004134
-0.004818
-0.005516
-0.006232
-0.006964
-0.007712
-0.008467
-0.009222
-0.00997
-0.010708
-0.011436
-0.012155
-0.012868
-0.013569
-0.01422
-0.014732
-0.014991
-0.014938
-0.014608
-0.014108
-0.013562
-0.013055
-0.012618
-0.012235
-0.011876
-0.011512
-0.011131
-0.010743
-0.010401
-0.010206
-0.010265
-0.010616
-0.011208
-0.011926
-0.012662
-0.013345
-0.013961
-0.014528
-0.015078
-0.015634
-0.016204
-0.016784
-0.017365
-0.017937
-0.018498
-0.019049
-0.019592
-0.020131
-0.020662
-0.021145
-0.021447
-0.021345
-0.020654
-0.019361
-0.017638
-0.015737
-0.01387
-0.012141
-0.01055
-0.009053
-0.007656
-0.006477
-0.005675
-0.005334
-0.00539
-0.005675
-0.00601
-0.00628
-0.006448
-0.006542
-0.006603
-0.006624
-0.006495
-0.006033
-0.005099
-0.003705
-0.001998
-0.000179
0.001593
0.00325
0.004795
0.006251
0.007578
0.008651
0.009347
0.009645
0.009644
0.009505
0.00937
0.009312
0.009337
0.009411
0.009503
0.00961
0.009749
0.009941
0.010187
0.010469
0.010762
0.011049
0.011319
0.011576
0.01182
0.012036
0.012173
0.012167
0.011979
0.011628
0.011178
0.0107
0.010246
0.009833
0.009455
0.009091
0.008727
0.008354
0.007973
0.00759
0.00721
0.006836
0.006464
0.006063
0.005573
0.004927
0.004098
0.003121
0.002065
0.001003
-0.000023
-0.001
-0.001942
-0.002867
-0.003793
-0.004715
-0.005584
-0.006267
-0.006574
-0.006379
-0.005706
-0.004715
-0.003612
-0.002561
-0.001653
-0.000931
-0.000404
-0.000045
0.000201
0.000398
0.000597
0.000821
0.00107
0.001332
0.001592
0.001842
0.00208
0.002298
0.00247
0.002558
0.002533
0.002399
0.002193
0.00196
0.001737
0.001538
0.001363
0.001199
0.001037
0.000868
0.000694
0.000518
0.000342
0.00017
0.000002
-0.000161
-0.000305
-0.000395
-0.000388
-0.000262
-0.000028
0.00027
0.000586
0.000886
0.001158
0.001407
0.001647
0.001887
0.002132
0.002383
0.002634
0.002884
0.003128
0.003369
0.003606
0.00384
0.004072
0.00429
0.004464
0.004553
0.004526
0.00439
0.00418
0.003945
0.00372
0.00352
0.003344
0.003179
0.003015
0.002845
0.002669
0.00249
0.002313
0.002139
0.001969
0.001801
0.001635
0.00147
0.001306
0.001142
0.000979
0.000818
0.000658
0.0005
0.000343
0.000188
0.000038
-0.00008
-0.000112
0.000001
0.000284
0.000706
0.001203
0.00171
0.002187
0.002624
0.003033
0.00343
0.003831
0.004239
0.004658
0.005106
0.00563
0.006277
0.00706
0.007945
0.008877
0.009803
0.010695
0.01155
0.012366
0.013092
0.013597
0.013725
0.013413
0.012734
0.011853
0.010939
0.010096
0.009353
0.008682
0.008037
0.00738
0.0067
0.006003
0.005302
0.004609
0.003931
0.003267
0.002611
0.001961
0.001313
0.000678
0.000109
-0.000289
-0.000411
-0.000233
0.000174
0.000689
0.001203
0.001655
0.002041
0.002385
0.00272
0.003068
0.003432
0.003807
0.004183
0.004552
0.004911
0.005252
0.005525
0.005616
0.0054
0.004829
0.003964
0.00294
0.001893
0.000908
0.000007
-0.000833
-0.001651
-0.002476
-0.003316
-0.004169
-0.005021
-0.005864
-0.006692
-0.007507
-0.008312
-0.009088
-0.009727
-0.010008
-0.009711
-0.008783
-0.007374
-0.005738
-0.004109
-0.002612
-0.001263
-0.000005
0.001229
0.00248
0.003725
0.004831
0.005578
0.005787
0.00544
0.004694
0.00378
0.002892
0.002129
0.00151
0.001022
0.000646
0.000356
0.000121
-0.000094
-0.000309
-0.000536
-0.000773
-0.001015
-0.001254
-0.001488
-0.001716
-0.00194
-0.002161
-0.002382
-0.002602
-0.002821
-0.003038
-0.003253
-0.003466
-0.003677
-0.003886
-0.004093
-0.004299
-0.004502
-0.004704
-0.004894
-0.005023
-0.004989
-0.004695
-0.004116
-0.003321
-0.002426
-0.001534
-0.000704
0.000058
0.000777
0.001485
0.002201
0.002931
0.003667
0.004402
0.005126
0.005829
0.006464
0.006916
0.007043
0.006769
0.006138
0.005291
0.004386
0.003532
0.00277
0.002081
0.001424
0.000764
0.000083
-0.000614
-0.001317
-0.002014
-0.002704
-0.003407
-0.004159
-0.004993
-0.005912
-0.006891
-0.007892
-0.008882
-0.009845
-0.010781
-0.011698
-0.012594
-0.013405
-0.013967
-0.014073
-0.013611
-0.012642
-0.011364
-0.010003
-0.008717
-0.007561
-0.00651
-0.005506
-0.004497
-0.00346
-0.002399
-0.001331
-0.000273
0.000759
0.001721
0.002501
0.002935
0.002914
0.002458
0.001713
0.000865
0.000056
-0.000652
-0.001269
-0.00184
-0.00241
-0.003002
-0.003618
-0.004244
-0.004866
-0.005475
-0.00607
-0.006654
-0.007219
-0.007705
-0.007977
-0.007881
-0.007359
-0.006485
-0.005418
-0.004324
-0.003302
-0.00238
-0.001528
-0.000702
0.000133
0.000989
0.001864
0.002766
0.003727
0.004781
0.005942
0.007183
0.00846
0.00973
0.010969
0.012173
0.013351
0.014516
0.015666
0.016732
0.017525
0.017771
0.017283
0.016096
0.014442
0.012625
0.010875
0.009293
0.007863
0.006515
0.005204
0.003945
0.00279
0.001772
0.000878
0.000062
-0.000732
-0.001538
-0.002368
-0.003214
-0.00406
-0.004896
-0.005715
-0.00652
-0.007299
-0.007982
-0.008418
-0.008458
-0.008065
-0.00734
-0.006458
-0.005578
-0.004786
-0.004095
-0.003481
-0.002924
-0.002424
-0.001985
-0.001602
-0.001257
-0.000927
-0.000596
-0.000257
0.00009
0.000438
0.000784
0.001123
0.001457
0.001785
0.002107
0.002397
0.002597
0.002634
0.002467
0.00212
0.001663
0.001177
0.000717
0.000304
-0.000071
-0.00043
-0.000791
-0.001161
-0.00154
-0.001921
-0.002299
-0.002669
-0.003033
-0.003391
-0.003746
-0.004099
-0.004438
-0.004694
-0.004724
-0.004367
-0.003561
-0.002387
-0.001014
0.000385
0.001705
0.002919
0.004055
0.005163
0.006279
0.007414
0.008546
0.009565
0.010259
0.010402
0.009908
0.008892
0.007596
0.006259
0.005031
0.003947
0.002964
0.002016
0.001051
0.000051
-0.000977
-0.002019
-0.00306
-0.004094
-0.005118
-0.006133
-0.007139
-0.008138
-0.00913
-0.010113
-0.011089
-0.012055
-0.013013
-0.013963
-0.014885
-0.015688
-0.016185
-0.016192
-0.015666
-0.014732
-0.013606
-0.012483
-0.011469
-0.010577
-0.00976
-0.00896
-0.00814
-0.00729
-0.006422
-0.005554
-0.0047
-0.00386
-0.003012
-0.002106
-0.00109
0.000056
0.001309
0.002615
0.003922
0.005196
0.00643
0.007624
0.008731
0.009595
0.009984
0.009733
0.008868
0.007592
0.006168
0.0048
0.003576
0.002485
0.001461
0.00044
-0.00061
-0.001692
-0.002782
-0.00385
-0.004868
-0.005823
-0.006723
-0.007586
-0.008434
-0.009283
-0.010136
-0.01099
-0.01184
-0.012681
-0.013512
-0.014322
-0.01506
-0.015601
-0.015787
-0.015533
-0.014888
-0.014006
-0.013059
-0.012168
-0.011377
-0.010665
-0.009988
-0.009306
-0.008602
-0.007878
-0.007148
-0.006425
-0.005716
-0.00502
-0.004335
-0.003656
-0.00298
-0.002306
-0.001636
-0.000971
-0.000311
0.000344
0.000995
0.001642
0.002285
0.002924
0.003557
0.004185
0.004807
0.005424
0.006036
0.006642
0.00724
0.007816
0.008331
0.00874
0.009019
0.009181
0.009272
0.009341
0.009424
0.009533
0.009661
0.009797
0.009928
0.01005
0.010157
0.010218
0.010163
0.009913
0.009435
0.00877
0.008003
0.007222
0.006482
0.005795
0.005148
0.004519
0.003907
0.003367
0.003006
0.002917
0.003112
0.003515
0.004007
0.004488
0.004908
0.005265
0.005586
0.005901
0.00623
0.006575
0.006929
0.007282
0.007625
0.007937
0.008185
0.008337
0.008388
0.008361
0.008298
0.008235
0.008191
0.008168
0.008157
0.008148
0.008134
0.008113
0.008087
0.00806
0.008034
0.00801
0.007988
0.007967
0.007945
0.007922
0.007898
0.007876
0.007866
0.007886
0.007955
0.008077
0.00824
0.008422
0.008602
0.008768
0.008902